ID	0h00	0h15	0h30	0h45	1h00	1h15	1h25	1h45	1h50	1h55	2h05	2h20	2h30	2h50	3h00	3h10	3h20	3h35	Cluster
4et|S|113|___1	0.891365713839599	1.47625198041016	-1.77166831498698	-1.21455285248979	-1.64485244956759	-0.217854382984088	1.6637071343581	0.642011970738936	-0.209860630726367	0.654229295139855	0.7325176901575	-0.853193012200263	-1.084113897102	0.426364107969917	0.243614194180296	0.087866244792012	0.477987018115665	-0.299819809644971	cluster2
abi2|S|210|___1	0.378902299396804	0.336489618480176	-2.02248890307533	-1.77410420523671	-2.1895010575467	-0.150683611214192	1.43424528227922	1.02514600406184	-0.04885823183191	0.644508296079603	0.621876075517571	0.139415026548577	0.100820995198931	0.502411858730114	0.472841781125682	-0.0873580194388475	0.499248330574675	0.11708846035049	cluster2
acly|T|465|___1	1.47868152602997	0.287747701395162	-0.447375544687834	-2.72182401266457	-1.51557186951159	-0.846133931783077	-0.829346871127175	0.662959045623796	0.499008955916475	0.44543005030703	1.30949972747376	0.354754367229779	0.225933537299631	0.603503723493077	0.446492945073279	0.0919390794904445	-0.209699462015377	0.16400103245723	cluster2
acrc|S|548|___1	1.11526193999977	2.27787321862611	-0.392669538014608	-1.50302023323257	-0.59790078339307	-0.531407402452923	0.60475162910536	0.657621185613325	-0.700796036281356	-0.411554087150471	1.10091054650909	-0.65785965674181	-0.45551098085572	1.1385345046458	-1.12624912461472	-0.795633128456594	0.834207409744188	-0.556559463049792	cluster2
acrc|T|555|___1	-0.783735018537061	-0.424093231977809	-0.315048935845522	-0.841623422623004	-0.350581161687448	-0.386538846263038	1.41075399339175	0.0647250529602871	-0.507469897839782	0.0465175159150703	2.0773296696246	-1.10112140090241	-0.756884034486813	1.48115773606897	-0.757993881473285	-0.512431697629262	1.91649788865317	-0.25946032734842	cluster2
addg|S|483|___1	-0.0890195696060674	1.26893855643675	-1.04059589744872	-0.757980131471736	-2.98981981331558	-0.4833397644018	1.24042354489656	0.24877726536902	-0.754845747050367	0.792071016780787	-0.200478719833724	-0.0799632645451203	0.135042872783067	0.638016205909466	0.392065683685386	0.273215655248248	0.881764602767404	0.525727503796427	cluster2
adm1a|T|242|___1	1.1515202972259	1.4610896189748	-0.685439528345546	-2.03697536623678	-0.821852021693339	-1.81927717488141	0.572935507829553	1.63048144515437	0.101391258472566	-0.0131557712756381	0.616753223773423	0.332148324888467	-0.721257732509329	0.877451136255262	-0.210284818770818	-0.326319595808971	-0.0439712351105412	-0.0652375679419697	cluster2
agfg1|S|181|___1	1.2239909863155	0.838918686499925	-1.96047996205904	-1.14339621268459	-1.99620713798726	-1.16250172719788	0.976985510486798	1.0507536457208	-0.0357005691598726	0.000677027951515865	0.608249470108826	0.204547769899752	-0.382940629031032	1.01761531361247	0.057263000685443	0.0538062719687221	0.793636418017805	-0.145217863147881	cluster2
aim1|S|1565|___1	1.56345853227576	1.76341212814732	-1.04676367635531	-0.166099070472799	-0.878496305837566	-0.12715981685999	1.23304524129758	0.862237553204	-0.794248355266707	0.235675486930564	1.46004196480828	-0.317154473287282	-0.525013864140595	0.441629727108717	-0.497775303710182	-0.860291375389228	-1.43841360881877	-0.908084783633794	cluster2
ankl2|S|268|___1	0.422741416410733	0.82344496458809	-2.12957806656991	-2.1048862869672	-1.59963780794302	-0.360009368217886	0.486824177730414	0.144763955708989	-0.110625528743111	0.44954177243131	1.434829648717	0.303741023705396	0.0158779454441989	0.859478047696858	0.115294776035551	0.399201540195695	0.969406351459831	-0.120408561682933	cluster2
apc1|S|380|___1	0.770078813941642	2.59490337181221	-0.782587704428328	-0.887208135232485	-0.87725995125582	-0.600430682644145	1.80408070483741	0.652879262912204	-1.27983922321306	0.139442452631732	-0.410917670933111	0.115086845920041	-0.260083477513889	0.704583872826401	0.018643458256775	-0.434114772639856	-0.450017038244945	-0.817240127032772	cluster2
aptx|T|132|___1	1.59453824285706	0.613453921732655	-0.938040767768162	-1.52605613243377	-0.708897747622164	0.282699157351868	2.10739910706735	-0.0359827591622422	0.0869284007854841	-0.111220965054739	1.45247246370975	0.0622226217510208	-0.399347011031627	0.0690127427369926	-0.639172677549694	-1.58172879698181	0.376908536715558	-0.705188337103524	cluster2
arhb|S|14|___1	1.22513649654452	0.12467759396547	-2.39041946679971	-0.774275700296354	-0.543044101063333	-0.871497879530508	1.75220280019898	0.889414022704226	0.0969860397070028	0.388357381325576	1.03994600417066	-0.206432572728012	-0.795385554571219	1.11132824961536	-0.140458550736072	-0.597013189320217	0.427535061190725	-0.737056634377105	cluster2
ari1a|S|210|___1	0.0505609146295228	0.378538791614566	-1.28661367664469	-1.23336749953723	-1.6886805566621	-1.49005508153223	1.23692405252889	1.33781547455525	0.565931736052325	0.852856093928836	0.496142466201021	0.727738421596669	-0.224277084362834	0.309807000114181	-0.0527434053097752	-1.47971912750386	0.759514766005444	0.739626714326024	cluster2
armc9|S|771|___1	0.17600723767293	0.557723362268408	-0.979981312000859	0.4492363048944	-1.71094063306119	-0.252416321526102	1.38344431743636	1.35113610365146	1.45342886638178	-1.3671032347555	0.855526474305608	-0.46544034656712	-0.188449937865293	1.17911639459142	-0.144506369208367	-0.572353288078552	-0.326415734774551	-1.39801188336484	cluster2
aspc1|S|302|___1	0.27458901277196	-0.523366966342007	-3.08946318133503	-1.72139640492833	-0.618391989293343	-0.173820734607935	0.571363861395901	0.695798818524963	0.287302950974773	0.192368272392669	0.690589060144115	0.442828906891611	0.315223021554121	0.879653529794412	-0.00925572740499782	0.537387094795512	0.928770066687994	0.319820407983606	cluster2
atad5|S|38|___1	-0.289924605585543	0.9909586615818	-1.76936770509762	-2.00706013561694	-1.53036061628283	-0.77399898910831	1.07239536563567	0.719131879085965	-0.142300741031446	0.412428756874245	0.443141462653036	-0.164060151505342	-0.16220842691733	1.06796484598079	0.0538575793596556	0.481411167615026	1.53206747759419	0.0659241747649938	cluster2
atx2l|S|251|___1	1.42676499779813	1.76689083844315	-0.450366590083524	-1.48934863997118	-2.31974993709454	-1.20607573246684	-0.481172258299219	0.766970088765921	-0.307744911070395	-0.32626577008731	0.31235542411776	0.753793318004235	0.192198576648398	0.163124633250209	-0.0361127865259988	0.512774961598846	0.754990788294773	-0.0330270013224115	cluster2
atx2l|S|447|___2	-1.15284667374244	0.229027535172772	-0.308561173333318	0.717288819082249	-0.133412606698326	-0.0122610850386475	-0.335891107647904	-0.877190225175612	0.185171610669585	-0.497900935245593	0.691076333754377	-0.677608050969029	-0.0309455081799622	3.42420654943051	-0.63035266969504	-0.60166806439597	0.455401302386539	-0.443534050374188	cluster2
atx2l|T|379|___2	0.251370630937136	0.467183367008107	-1.13121254692924	-1.80839362462932	-2.47451858448582	-1.21938135960303	0.423848240292818	0.661468196750692	0.309188438214019	0.544114508962162	0.151585735643757	-0.53839163287492	0.550794846453082	0.838107570529146	0.741073018430242	0.783892902362185	0.817187615034635	0.632082677904353	cluster2
bin1|T|355|___1	-0.657376907261795	-0.954842862427788	-0.561723895395864	-0.227043055707251	-0.969895080481202	-0.503857004362975	1.8170428784339	0.912902662395757	2.12744013628418	1.46404361348519	1.12349997133587	-0.196253090964954	-0.444463923339674	-0.66746297007027	-0.50368976723154	-0.789273988920837	-0.487141811457025	-0.481904904313718	cluster2
caf1b|T|438|___1	-0.429487854054739	-1.10919452958841	-0.778715777374732	-0.424586580745602	-0.417902120941908	0.738660595155952	3.13254635491625	1.13072397763697	-0.197452732278596	0.7163241855648	-0.342446493570804	-0.387607738469362	-0.276340214186626	-1.23255541769241	-0.463938494568781	0.163077596320396	0.485617774959099	-0.306722531081502	cluster2
camp1|S|218|___1	0.511734957841667	0.363278621986813	-1.82659386110201	-2.02769698272112	-1.68756459442697	-0.617964533503517	0.687543593240891	0.859571100292178	0.141734315228605	0.493722657981906	1.02370105720794	0.432180055487858	0.394455333195902	0.958809570441353	-1.15216777566299	0.459947575334814	0.736435688108922	0.248873221067752	cluster2
CB055|S|821|___1	2.88670170313105	-0.733184899083877	-0.835766778099207	-0.211672218755512	-0.428106882211067	0.434189685771262	1.51146637592382	0.651188565646878	-0.84659756171139	-0.116453495059066	0.376582168155783	-0.667993807917334	-0.723039566835327	0.267183118167154	-0.945004600138496	-0.728724485388017	0.748582443699176	-0.63934976529583	cluster2
cc155|S|184|___1	1.20403942320695	1.44296108927048	-1.48148566426375	-1.32458959649961	-1.24946279459382	-1.61224158238286	1.25658891666081	1.21467140420879	-0.832597479401532	0.0197863314810943	0.531708773345208	0.214304035792068	-0.054093663730192	0.793892752568308	0.185577841376273	-0.530234232620634	0.503272590813956	-0.282098145231548	cluster2
cdc27|S|399|___1	-1.2824966675524	0.976964744212218	-0.440250786673659	-1.25985868174398	-1.15339247756876	-1.11037305021823	-0.270288636412032	1.22775396363845	0.477973893578238	1.03923120637628	-1.05170648589936	-1.1255293184778	0.37238066968419	1.45082008411683	-0.0648138488926301	-0.0287331313747272	0.99453567915899	1.24778284404838	cluster2
cdc27|S|470|___1	-1.06622871565847	1.09688393745717	-1.0944612636471	-1.5472310434417	-1.42622813510072	-1.73138988092042	0.801954958207642	1.27207258484401	0.217786341457378	0.380517181506899	1.16247049855787	0.366504375481552	0.16909170464431	0.453310949343823	-0.535896030565671	0.17295181334403	1.24162659026032	0.0662641342290846	cluster2
cdca3|S|29|___1	1.84516550145899	1.75218831841319	-0.494184444471718	-2.20223239203772	-1.75492010424303	-0.949293599173424	-0.477212515003886	0.332984517900742	0.0954180818257206	-0.0320210368051685	0.670699086808193	0.545380839346078	0.0714542134039655	0.22139687136519	0.474956005713467	0.136612050565017	-3.27907630434e-05	-0.236358604302564	cluster2
cdca3|S|44|___1	2.2687166186297	1.73044269628519	-0.649945748732383	-1.64412487846116	-0.74772136174737	-1.39275563541252	-0.042097467636601	0.72715438289298	-0.0597623528069006	-0.859895250357463	1.03230827255027	0.394514244864053	0.0973668140883271	-0.115290328564676	0.209918115123469	-0.4601488124484	0.16873662531543	-0.657415933581953	cluster2
cdt1|S|147|___1	1.19500094951011	0.756568037956471	-1.52077165223909	-0.814668692092957	-1.52051399839145	-1.43777717270577	-0.431878718909882	-0.403530916202942	-0.704847957830129	0.385971806567791	0.817267020166011	0.230263684356694	0.725401251264097	0.973357560387102	-1.11569012766374	0.470123870819283	1.44151172898241	0.954213326025986	cluster2
CS021|S|513|___1	-1.92370320732892	0.840834953793243	-2.00889019536078	-1.67719840316596	-0.435084433242684	-0.337559143594023	1.17925752331033	0.985944506769245	0.719029046198786	0.681317891390707	-0.239689513234304	-0.171915056673675	-0.149611943727264	0.763749075148641	0.130655906962754	0.369579957762454	1.10545091780429	0.167832117187163	cluster2
cytsb|S|775|___1	1.18383553234071	-0.640760961931813	-1.4793865107719	-1.34988550721561	-1.15725758062202	-1.09030890517318	0.325620823345042	1.34859520951123	0.183276045772645	-1.37461112368902	1.20565349771499	1.094872126261	0.85608600244496	-0.18437615238288	-0.575425021822708	0.660987988201158	0.742438995164329	0.250645542853051	cluster2
dc1l2|S|439|___1	1.05737025040454	0.492509643375563	-1.13229959621763	-1.92469475743042	-1.57359124983345	-1.22361405182008	1.11567696283411	1.39578126244237	-0.105011834271232	0.239950525918786	0.853309332439203	-0.0660829501058544	-0.255241021903464	1.23273745996268	-0.326638091359479	-0.347710233865316	0.880406968307863	-0.312858618878192	cluster2
dctn6|S|15|___1	-1.11920816548128	1.74792803201913	-1.01794472838186	-0.68857894625314	-2.13008872443236	-0.386194951025505	-0.0368340842947952	1.45505136852194	1.28499390340698	1.181766617269	0.0358444508355037	0.720486492928689	-0.729117727396641	-0.0492691602685317	0.202123977969106	-0.398030808219264	0.154144806298946	-0.227072353495916	cluster2
dgcr8|S|97|___1	0.688602265976385	0.744286802981996	-2.33261314496063	-2.19690665447793	-1.47925854744339	-0.45143293964045	1.00278865573162	0.613086532530872	0.110093655452005	0.248695804334507	0.552547540857591	0.0439901478959716	0.130085032984459	0.73031293972144	0.526764060679579	0.384432101482837	0.754497031872267	-0.0699712859791204	cluster2
dkc1|T|463|___1	0.78562441157731	0.288346335319307	-1.40161968947769	-2.26258510009333	-1.67903102256076	-0.101174219076017	0.246611386919297	1.53412772023623	-0.216071862592395	0.518220448662173	1.14415556575275	0.325277984181582	-0.222970346635033	0.867065433545243	0.684852308883135	0.48399323701318	-0.149336902203706	-0.845485689451284	cluster2
dnjc2|S|45|___1	1.19835377871114	1.49528721052461	0.708861534078389	-2.02891330129142	-1.65229686869542	-1.45235640518086	-1.23690880222088	-0.186909068781437	0.105568875462488	0.403213972811497	0.235981782820931	0.208158644533626	0.432619432228991	0.0136806026526526	-0.310604674423967	1.10549264368737	0.660063160535897	0.300707482546366	cluster2
dock7|S|1388|___1	0.660966924843399	-0.350676144290639	-0.780635919878125	-1.10253836564798	-0.633520879102848	-0.761535712034992	2.59200491860928	0.00780684260664915	-0.560174809912025	-0.459115549683582	-0.296693355879054	-0.273984208239473	0.0776756831813949	2.3058839597861	0.280349164446168	0.0618429944038295	0.129714152425561	-0.89736969563366	cluster2
dons|S|39|___1	1.20109202207467	1.90965345937497	-0.833948849779618	-0.17966204152993	-0.621696213796768	-0.404256959136597	1.13316190719634	1.48502527550655	-0.978513884276133	-0.450428504274896	0.097961437818906	-0.66369100208201	-0.95907551701725	0.421036123770705	-0.446992705972064	-0.636418765978303	1.34694100847164	-1.4201867903702	cluster2
dpoa2|T|203|___1	0.273971973376486	1.11437200092297	-1.01064859341099	-1.49530319897995	-2.63660586954395	-0.184874074138112	1.38333288553174	1.36683290204025	-0.242355804622988	0.81915045238191	0.131281195693126	0.219264926922424	-0.316336016118423	0.182078666346983	0.508868804728939	0.0982992435273386	-0.574089832501935	0.362760337844173	cluster2
dpola|T|163|___1	1.4846754564384	1.86980276876825	-0.787075409913461	-0.719529595588047	-1.42450856028114	-0.868296564074856	0.591695725711146	1.15708244305172	-0.763765878705794	0.749429295836615	0.134235694447778	0.0247518834408569	-0.767500031100072	1.10097149735274	-0.688193969523709	-1.14515901811394	0.710940040311309	-0.659555778057792	cluster2
ect2|S|862|___1	1.59110082057879	-0.676650619564928	-0.169285662637971	-0.775488250351945	-1.15404303320377	-0.139527196741917	2.47554439075009	1.49633188947914	-0.187014410223053	-0.455349747039046	-0.0666099604056436	-0.596532209336822	-0.373766352789843	1.20564828130209	-0.181790428040518	-0.72743626695327	-0.860058386098449	-0.405072858722932	cluster2
eif3a|T|1188|___1	1.4791292261629	1.13777503522427	-0.998159176392164	-1.57010757976311	-0.704365448183508	-1.22587463187654	1.60007524491306	1.03035389574131	-0.211906139294046	-0.441053683100146	0.219304642250484	-0.294300682064389	-0.985435783146421	1.06924360675415	0.0501118876985898	-0.686019540611671	1.08187866013926	-0.550649534452017	cluster2
ell2|T|432|___1	-0.44105568141394	0.426061648301997	-2.20839237468522	-0.700191186052831	-1.70527862143164	-0.372201166103011	2.09116039192908	0.950856101663717	0.450063313169614	0.596300032844245	0.242236045020359	-0.313148904576144	-0.805886500947542	0.471445216581004	1.07230438720822	0.0599558284445487	0.389379383510547	-0.203607913463011	cluster2
elys|S|1146|___1	-0.633211397245537	1.09731135180922	-1.84715088846095	-2.03902352194763	-0.816362959392571	-1.37005995573073	0.607472821305796	1.21936077296671	0.528734040315015	0.838230408519447	0.70786378358183	0.650125540547393	0.426768542226258	0.861072907200134	0.191250781628104	-0.552519729298103	-0.285763198399827	0.415900700375448	cluster2
elys|S|1299|___2	-0.0378823013733945	0.64848331439659	-0.587494748254332	0.93591024423548	-0.980650877214776	1.08288122345611	0.429677615368684	-0.959445398280615	-1.05384546399091	0.574559598908127	-0.563415518850013	-2.57078234094542	0.465043114358991	0.314922176909869	1.13589482007045	-0.0617187573130772	1.44672535006106	-0.218862051542832	cluster2
emal1|S|141|___1	1.6425226789688	-0.943482185462683	-0.30866601926525	-0.257439877287513	-0.386366677906332	-1.42029159101224	2.12127281742446	0.52706734668193	1.13800840272254	1.24018001138922	0.269902350027223	-0.136969913793057	-1.10124265478787	-0.48507841564828	-1.21002207113698	-0.579803895808465	0.19741486193819	-0.307005167043681	cluster2
eme2|S|101|___1	0.813397977256986	-0.134073021864095	-0.949911948929358	0.796898523854486	-0.965014721263042	-0.754698425240065	0.0867823669778438	-0.69798822882626	1.08743953092381	1.97770565069288	0.547135727709785	0.29732275365974	1.33908639838839	0.427194801676062	-0.148544133193521	-0.565681506403928	-1.6269358299543	-1.5301159154654	cluster2
ep300|S|12|___1	1.74146682614647	1.4777991669312	0.0507948586723361	-1.3271256068557	-0.89054282103854	-1.57678759474294	0.423626605206285	-0.212941301556633	-0.0869909127869079	0.161256499382856	1.26664254927018	-0.218392807522126	-0.438435552208121	0.25376489266236	-0.799088195652789	0.51138288264102	1.17649940617965	-1.51292889472861	cluster2
epa2a|S|57|___1	2.79110172246431	-0.613114141467466	-0.931610044854961	-0.444130774120557	-0.324952343690456	-0.309953807820164	1.1331704481465	0.945651341900226	-0.618507677942112	0.122568829875812	0.926302063713736	-0.426461638429359	0.520496787273363	0.629685032466039	-1.39255585647454	-0.692745484272499	-0.666076160083732	-0.64886829668414	cluster2
erc6l|S|1294|___1	0.653815150371528	1.05252334518984	-0.617947596008684	-1.40967611562368	-2.38111967690882	-0.571124391201259	1.18043964393909	0.593878946971774	-0.0630833055031882	-0.547935216277499	1.02205788677821	-0.466514979152327	-1.15187101480798	0.55827230102405	0.15583487857368	0.541495344419392	1.34940365681793	0.101551141397939	cluster2
erc6l|S|901|___2	-1.28237432008274	1.76926495606779	-0.495404459710336	-1.56826165453132	-1.51372081605734	-1.08673908536109	0.131144470827634	-0.554386747798591	0.700679226109881	1.16546142886466	0.302929618038824	-0.605060431592661	0.223772712574456	1.31784757778767	0.648715780210695	0.873149872205349	0.458693656790926	-0.4857117843438	cluster2
esco2|S|39|___1	1.40674221629862	1.03906221271485	-1.00337328778492	-0.27392197191054	-0.152917277152119	0.273412284861274	2.81310501717011	-1.54632232040536	-0.472337787489219	-0.481178349889849	0.763622476940995	-0.855025469209086	-0.379898393544831	-0.506601430023317	-0.0543549653124106	-0.253379093011471	-0.449649360997578	0.133015498744857	cluster2
exoc4|S|386|___1	0.210337348465081	-0.458207951516044	-0.384351528664832	-0.682331451986369	-1.70204093551648	-0.502659121445198	-0.0845886499805514	0.60231664299571	1.46060639063902	1.62201533833602	0.962175595604361	-0.0681237868300476	0.893990610714183	-0.543531339460362	-0.789536571099521	-1.91638193590513	0.15393707037094	1.22637427527922	cluster2
fbp1l|S|443|___1	-0.531530233374533	0.0617287193513469	-0.254661699262391	0.278751780315714	-0.349781643146458	-1.40349922057627	0.426932433626523	0.290995260138446	-1.48567551603709	0.00936883082388515	-0.0247559287456131	0.109018625602866	-1.09177126552603	1.68558498261236	2.3011653965051	1.32330754649052	-0.610269245429222	-0.734908823369157	cluster2
flip1|S|1111|___1	-0.888009494457812	-0.736424507994773	-2.11212439449323	-0.563718017338149	-0.615650121009295	-1.02009113445361	0.371934518385948	1.44185011137524	0.600350588165499	0.354475142545874	0.671541517207425	0.490903663651517	1.24523182194724	1.0072477946841	-0.262279540187235	-0.677407701855053	1.51719398356682	-0.825024229740508	cluster2
g3bp2|S|289|___1	1.25422581820518	1.13148589800771	-2.27328520349695	-1.99287727888161	-0.783274636392064	-0.255913723012082	0.733732080292418	0.842179258263234	-0.350955602741829	0.0996152035915479	0.992969682940847	-0.104626035726254	-0.221493740718559	0.986437628985324	-0.0434882328174331	-0.252080416650821	0.764771365967814	-0.52742206581647	cluster2
gipc1|S|234|___1	-0.808080296317368	-0.430207077412932	0.00878982676994289	-0.935601509531841	0.362225982175929	-1.5159968137385	0.579338681550445	-0.440282044691055	-0.719791018888839	0.9532449599295	-0.21182916166925	0.143943492729539	0.731294411718251	3.14444810419421	0.15703809249527	-0.507377049410786	-0.247855698717422	-0.263302881185083	cluster2
GTSE1|S|200|___1	1.37452439132734	0.0998508405066181	-1.97450877422834	-0.92527230413519	-1.37557054190883	-0.347431672274817	2.23105844650576	0.661071830183834	-0.627042276754985	0.510208095252393	0.171862365578232	-0.541598982402834	-0.563966566727024	0.674623069871888	0.432445520298802	0.284832736471375	0.627182326895403	-0.712268504459623	cluster2
gwl|S|678|___1	-0.0338087905826566	2.20853150004048	-0.530557038997787	-1.67306947424327	-0.443242614866058	-0.838340351129449	2.10279790486306	0.183151276916635	-0.310595356012517	-0.269019845599915	0.132575478993074	-0.464939177534253	-0.600220600330407	0.862056866977348	0.128016027206978	-0.749048999249485	1.03070229394167	-0.734989100393454	cluster2
heat6|S|393|___1	1.63069342729615	0.669508685852927	-1.3685384306425	-1.69094292479676	-1.65548076062038	-0.769778050069825	0.680291685114846	0.823401490071309	-0.961588077211878	0.0300580714276113	1.17331967838687	-0.317456552558313	-0.0508350770996409	1.22812534570188	0.131587317961699	-0.00545231659697864	0.797757966197302	-0.344671478414322	cluster2
hnrpk|S|257|___1	1.26303794626554	1.23955806593732	-2.52494632805824	-0.771389586397459	-0.197996757945405	-0.807928515705542	0.884163539037839	0.514330510611607	-0.492729323456024	0.197858785978299	1.0277037204106	-0.370607536894503	-0.316670313825937	1.31746036789225	-0.663775154421184	-0.26067241425714	0.799506528195698	-0.836903533367712	cluster2
home2|S|6|___1	0.068928359448103	1.21933900038536	-2.03524611916417	-1.15232111108295	-0.62852391564075	-0.881928392730309	2.09404603227687	0.356768486228278	-1.12297272149213	0.0960909606013824	0.913823455132261	0.535674497851397	-0.567386543264012	-0.728588072322291	0.84039377736048	0.112390910504381	0.475002821238906	0.4045085746692	cluster2
if4g2|S|400|___1	0.808675375594863	1.18154940631213	-0.748257597789803	-1.9978966499749	-1.97254900165959	-1.58713850407573	0.555748551500593	0.887129522476845	-0.0310573441978214	0.235768295325646	0.809754131886645	0.0376121547155079	-0.570828624941272	1.00235837636598	0.353350925228741	0.0160489732750194	0.828781982795978	0.190950027161159	cluster2
inceb|S|145|___1	-0.272914021653475	1.18807863180588	-0.68221034225442	-1.3375772989627	-1.67239157659987	-0.498296586903957	-1.21786619558464	1.27103827115938	-0.0113247502433532	-1.51731456901098	1.04116513314965	1.13953338411699	0.497554269736199	0.518316428578558	-0.572158789250689	0.631834866378489	0.935671665233216	0.558861480305721	cluster2
inceb|S|374|___1	0.203109082362088	0.694777817873671	-1.07034828288328	-1.41692700017668	-1.06798928295291	-0.651874518075641	0.68256903288483	0.307928399717922	-1.64986571543287	-0.5070414164954	1.52901490465761	-0.73259883511943	0.431418955624003	1.7197376139388	-0.0459218855338792	0.387405019573696	1.41271664113459	-0.226110531097133	cluster2
ipp|S|265|___1	0.305322344873744	0.105921609616471	-2.01200890863511	-1.40955185911288	0.279417244958889	0.473626148200109	-0.314488023985926	0.471009652106603	-0.453194943678234	0.229975578649413	0.733421038188562	0.863154826886002	0.962614423738976	0.374757693709963	-0.286965714994991	1.38648585642128	-2.29752788520472	0.588030918261852	cluster2
kazrn|S|438|___1	0.0220137161158358	-1.1943947210376	-1.36809606501674	0.237010244117297	-0.710355867478868	-0.258213071420178	0.977475145379268	0.00244371738611798	-0.303785166709959	-0.813731261105154	1.92666201809046	0.322345261720918	-0.217326478365465	1.0877971370495	-1.69565738517182	0.216323204597026	1.84125565783338	-0.0717660859840241	cluster2
kd3ab|S|482|___1	1.56742721417299	2.11394678043895	-0.924978132598939	-1.38981758613594	-1.12388790707294	-1.06466069559936	1.25398263543618	1.01320942682635	-0.47180528231795	-0.200882795017145	0.260261466923278	-0.487090812163719	-0.386285630305733	0.869613004228712	-0.430327971396258	-0.281848566771789	0.343230129957461	-0.660085278604141	cluster2
kdm3b|S|643|___1	0.583131516717728	0.503225447373203	-2.22765783185345	-1.78955267488855	-1.91213943696459	-0.503270117914917	0.793331205513126	0.645586352771168	-0.103057917706648	0.638454788082376	0.629869611295731	0.273266462504338	-0.120302430106781	0.850621940642681	0.204958454858302	0.565822035219132	1.12727176880391	-0.159559174346754	cluster2
ks6c1|S|678|___1	-0.0495348068472281	1.69315147426557	-0.65937814053256	-1.7733576390031	-0.607860125507998	1.14670877871839	0.0875116161905029	0.383794185181667	-0.848911772860625	0.281719244134186	0.520149999835153	0.189084672122803	-0.45053499780783	0.264063776370367	-1.98594375961948	-0.0707715392275982	0.0410571094453448	1.83905192514242	cluster2
l14aa|S|218|___2	0.54234304211553	2.50717742378299	-1.1537754702431	-0.564165341594195	-0.559457990116066	-0.926666923939706	1.94391230691181	0.926559209000291	-0.696932449012373	0.634969186379972	-0.371086670665938	-0.521970035789314	-0.526596970842898	-0.262243406117588	0.634052757231968	-0.357359465798428	-0.682988444301881	-0.565770757001064	cluster2
lap2b|T|407|___1	0.429542920038438	1.94818398301923	-0.527601801839595	-0.548004199185572	-0.71186350445575	-0.681262266145821	2.29707914768735	0.948868410050972	0.318717895776673	0.206922228853466	1.04160183847881	-0.00840749361493774	-0.751683112398033	-0.648458241875399	-1.13080994204348	-0.394935030511462	-0.742786892113767	-1.04510393972111	cluster2
lemd1|S|185|___1	1.45423669957603	0.884220560745926	-0.842188904634138	-1.16810478139963	-0.969314229149697	-1.04917664707484	0.342724868557871	0.915628186625739	-1.20220614827627	0.233428022469543	0.775438506940494	-0.486342424367474	-0.526070561331566	1.84608116537199	-0.385140135912156	-0.247939455832638	1.37662871389318	-0.951903436202359	cluster2
lemd1|S|218|___1	0.251231663071688	1.37215262586852	-1.41795617743067	-1.83562057641565	-1.71154462388593	-1.68609023553938	0.851315594436297	0.490889901078088	-0.0569024621959128	0.705985098325431	0.735439647889278	0.00818125643916619	-0.132624605575634	0.927693074962582	0.117065667900793	0.379579457876497	0.922618604192399	0.0785860890024377	cluster2
lima1|T|247|___1	-0.532068274485831	-0.984841906148195	-0.748049115966865	-0.726581455225856	-0.801067290750783	-1.01466815299811	2.28654097427909	1.56978293936193	0.408190956206628	0.824865603632408	-0.0289521406233139	-0.318645954635866	-1.25608282866897	0.37446343063633	1.55097826386181	-0.457569138156232	-0.0358957836530215	-0.110400126665157	cluster2
lin54|T|275|___1	0.9770052306196	1.38775331602541	-1.95683660397737	-2.05472193360558	-1.30619433347373	-0.394334785777102	0.791375020891356	0.757094252104253	-0.0169881730727588	-0.253958866365283	0.900035455947018	-0.143188618081497	0.0164337783816843	1.2182451963625	-0.454808287591605	-0.106965576900217	0.639817083562352	0.0002378449509703	cluster2
lpp|S|201|___1	1.61768779543929	1.64372144211026	-0.925450894846399	-0.579807320930614	-1.01331440795232	-0.74070534993295	0.951430836218004	1.27084027281183	-1.15541709431524	0.507181710249948	-0.200861205937283	0.326124073964624	-0.875474009694149	0.659058325874306	-1.15858466721574	-0.861985778569071	1.05022273878022	-0.514666466054732	cluster2
lyric|S|583|___1	1.0173915887028	1.25547581320754	-1.48830539986804	-2.84716982233293	-0.817967608797774	-0.587904146423556	0.138846780318352	0.788613529290905	-0.103119668849984	0.0878851328205528	0.789024399972232	0.189171847588007	0.117860276449119	1.08049264548646	-0.13618743220741	0.0818659259577325	0.682779700115146	-0.248753561429146	cluster2
map4|S|787|___2	0.919481712733779	0.847391452543305	-2.10365435719531	-2.12856472611455	-1.60775247246746	-0.520618004599988	0.405001485864509	0.578149260849965	0.268373668794931	0.572482133949923	-0.248759078435286	0.429110725798487	0.448407995616028	0.864285335989092	0.452532648059154	-0.541161572206613	0.909193103318973	0.456100687501067	cluster2
map4|T|752|___2	0.77390686813685	0.734411083679359	-2.07063226427906	-2.43493411537942	-1.21281928521605	-0.314060186819834	0.901023841352152	0.911272988598003	-0.120921101396091	0.22785932241101	0.538686132686987	0.0730970374421612	-0.0532699473238377	1.0708768946213	0.0307022371865418	0.262519276602611	0.897541547400743	-0.21526032970342	cluster2
map4|T|756|___2	0.799183628419249	0.756909735947513	-2.24543855258398	-2.11049686363899	-1.32728756163961	-0.36531032772772	0.935241927573178	0.946211993228272	-0.158585963559675	0.214727450385491	0.54741761809395	0.0490792860732968	-0.0861762709273522	1.1170423350983	0.00370246290130076	0.251825363408287	0.9315146913104	-0.259560952361911	cluster2
map7|S|419|___1	0.928625945667787	0.788444729413068	0.205803840103175	0.147598380433122	-2.50002864720987	-0.259223168478864	-1.28609069653836	1.1715915990499	0.386341897813889	0.799777604146424	0.594145345453962	0.343481725372404	-0.261674223014755	0.143645933480524	1.01751794026003	0.43770289086041	-1.31533673701238	-1.34232435980048	cluster2
marcs|S|140|___1	0.891520004035275	1.18712058644499	-1.70818230706102	-2.24280872335534	-1.40887447740549	-0.981192517916288	0.491365277939127	0.924219844203444	0.28509511788438	-0.820151059096058	0.390880537756198	0.378348252335812	0.211582293014564	0.708921361089341	0.18638836853634	0.0511608506383906	0.964024711185155	0.490581879771173	cluster2
mcm10|S|596|___1	0.729968135503261	0.815331785400041	-1.47443259874791	-2.05561861320715	-1.50038178516023	-0.895662299155374	0.868505498691803	0.832311464717921	-0.240293142531074	0.298631921559842	1.02785308929915	-0.246192162030193	-0.727175608935396	1.32538698425279	0.202347594350978	0.211494325600251	1.09389158398801	-0.265966173596714	cluster2
mcm4|S|120|___1	1.332831415611	0.586035008976893	-1.32504224378099	-1.57497542602118	-0.926740353713831	-0.61283405163572	1.33488704896426	0.89760439449534	-0.100845466779693	-0.750489896003665	0.511741289920188	-0.48416975806249	-0.992098501068398	1.39681479735158	-0.454371027305999	-0.282717899817236	1.58452730270443	-0.140156633834483	cluster2
mcm4|S|31|___2	1.0899155453101	0.552050595690208	-0.440032693448762	-2.89975711406649	-1.93569583396503	-0.243714711537281	0.52501347847144	0.649752725986864	-0.0617833020591666	0.412019485438561	0.912999622529886	-0.056938667837986	0.00250296355555227	0.612460532577719	0.00804831014563436	0.253717042313036	0.925829006885993	-0.306386985990279	cluster2
mcm4|T|23|___2	1.00335731340444	0.561547072481203	-1.92572673256312	-2.69472097897501	-1.33418235312173	-0.0921063443346537	0.539338383700246	0.641801050279132	0.057334811683848	0.4465234432212	0.858035952490477	0.0613142660319281	0.110140502999793	0.611168689932369	0.114695532872437	0.31649147035245	0.868574198935564	-0.143586279390571	cluster2
mcm4|T|94|___1	-0.196647636288144	-0.443162074161753	-1.01754983346212	-1.19329603529551	1.2810334261033	1.08854535247377	3.14878483760709	-0.468314237661705	-0.37503424918634	-0.760515756779263	0.261953883998936	0.118068936151204	0.0865734261944892	-0.225781068005689	-0.194492782754214	-0.488157775071119	-0.222143540003479	-0.399864873859459	cluster2
melk|S|517|___1	1.61116228050709	-1.20950395811703	-1.58178446711129	-1.4235462930215	-1.52237209091871	-0.102782801211376	0.871118781036681	0.463681578889455	0.155296386699117	0.0785847682675634	0.294205495582501	0.610476172314529	0.454047793897093	-1.16571434004766	1.05768651252731	0.0228331952909438	1.39171565006828	-0.00510466465300499	cluster2
melk|T|449|___1	1.69434213829359	-0.61418822086616	-0.860756824711897	-1.0967574501152	-1.11976092019155	-0.401671033827713	2.05605478409765	0.899363461416412	0.38822416940347	1.46783457853452	0.39263516793045	-0.659458746732256	-0.27492031123979	-1.06264533065732	0.638479197202644	-0.68434557917775	-0.594573193264947	-0.16785588609416	cluster2
missl|T|16|___1	2.03132353291717	1.1139132622052	-1.8101526335954	-1.84571113470562	-1.23935454955905	-0.702772305284302	0.795013754183265	0.624960875977495	0.077358978133298	0.725653695012663	-0.51197393322411	-0.196813126992151	-0.108184349925516	0.750815780731631	0.541602839593585	0.162032247049283	0.00298479674900529	-0.410697729266443	cluster2
mta2|S|435|___1	2.2233683992191	1.96153479527244	-1.18760346723173	-1.58950220903738	-0.716948440600512	-1.21256215335866	0.457802077617606	0.324298544040799	-0.10286011411215	-0.0704111602237773	0.302736894374998	-0.341146063529619	-0.56228149462316	0.933639022656167	-0.153977032120777	-0.443409727054229	0.492125701472181	-0.314803572761299	cluster2
mtus1|T|453|___1	-1.30058074724791	1.27435825467445	-0.915011912879035	-1.51011875178235	-2.11993317134718	-0.39036611009299	1.54523678162555	-0.295851932394447	-0.283320138114555	-0.158294724590963	1.02382055194651	0.735116421865921	-0.193972664349529	0.249112498246514	0.739445636184128	0.882765300483219	0.174585858098222	0.543008849674441	cluster2
neb1|S|288|___1	0.909656164690276	1.5426435431977	-0.148188633355181	-3.10157266134615	-0.926671337607231	-1.2809940014279	-0.218102509807207	0.309626854131629	0.596419615149803	0.284737103170759	0.592474267773165	0.340842784637704	0.162637744298641	0.62743434912835	-0.262939061194855	0.21992650486009	0.222745359356551	0.129323914343848	cluster2
neb1|S|41|___1	0.892335189321715	0.96376221962846	-1.77279792585682	-0.590698603201615	-0.758354745986813	0.460922673732723	1.22418149767551	0.900140895300877	0.912115133966479	1.05161423899397	1.15100027822734	-0.237071835485551	-1.48282529613811	0.330061150970982	-1.44814934019003	-0.445216953914604	-0.349236894566199	-0.801781682478303	cluster2
nf2ip|S|291|___1	0.97730057659619	-0.241712129679536	-1.72849805598104	-1.62513189625034	-1.85796144273712	-0.316388349366557	1.37769004154625	0.708111286197795	-0.446639972591465	0.535212048479746	1.40156990499478	0.292712926375119	-0.377614510592738	1.26302450733779	-0.123018162517613	-0.205932309399257	0.244039498518211	0.12323603906977	cluster2
nipa|S|324|___1	0.668014678464288	0.892873680440232	-1.32368019659145	-2.31808190490907	-1.80254288372653	-0.443478880373241	0.896496934249416	0.949485058774363	0.0200539399303478	0.363014586658754	0.667420093586958	0.207324003796297	-0.263853382869484	1.18658594302777	0.402856087507662	-0.817693620833834	0.741622477921227	-0.0264166150537035	cluster2
nipa|S|339|___1	0.998914864447452	-0.983257341464231	-0.812981037382843	-1.55067883059715	-2.45641988290631	-0.955944956435486	-0.423762693969567	0.8394045589967	0.216105063930117	0.0999412973382551	0.336224505706885	0.383395469742207	0.307592346607098	0.844484958187628	1.0802960369629	1.16969428639342	0.636237823373391	0.270753531069549	cluster2
np1l4|S|104|___2	0.491019695167686	0.351742551754365	-1.25015776686477	-0.339700635823838	0.186362757062879	-0.181669785603292	-0.164531246654057	0.185081198662357	-0.128182923077174	-0.179879269952983	-0.935434494887408	-0.552014644011647	3.02389474161302	-0.776986539473919	-0.0563777298569152	-0.823245490017108	1.69516912040068	-0.545089538437877	cluster2
np1l4|T|38|___1	-0.256421533240698	-0.505672782402739	-1.49576843891894	0.0123098561668442	-0.644340377960708	0.390886513219749	0.182369180586113	2.75485745313266	1.68892668805796	0.444226106685974	-0.630548886637966	-0.059839554773409	-0.178312999565023	0.892831845431343	-0.457599533958801	-0.624638046450862	-1.09287674055062	-0.420388748820876	cluster2
npat|S|730|___1	-1.64756474312451	0.201968240797399	-1.31655375355238	-0.867124214815019	-1.27046359432682	-1.11205227888067	0.0156207200118083	1.86527599103803	1.29292535221526	1.21728928415816	0.859227491518632	0.704496822585242	-0.241400815544749	0.782917815804721	0.0283294213530908	0.131256737808104	-0.0532634209073989	-0.590885056138899	cluster2
nsd2|T|364|___1	-0.204451906345391	-0.451040050840962	-0.44151830795679	0.453512475289136	-0.424864293874045	1.12982356628472	0.660704259006974	1.03622296868109	-0.842437682101116	0.519349843957035	-1.76872036108116	-1.07377654275354	1.13212763078579	1.11645326562476	1.33171983071586	-0.61989398773969	0.28025296724246	-1.83346367489513	cluster2
nu133|S|43|___1	-1.00718686915005	-1.06731673032642	-0.938063505701238	-0.616444171586616	-0.71871557507767	-1.07513427873582	2.26626326544353	1.04180899356521	0.237454269832245	-0.177039166528942	0.24011861209494	-0.769037424999475	-0.648779123382787	1.08156175582008	-0.682906636251614	1.02478564110827	1.23069636133625	0.577934582540113	cluster2
nu153|S|222|___1	-0.485206668615213	0.020557157942174	-1.93589310818557	-1.44855045787544	-0.580647360656997	-1.22148984806088	0.928022174789371	0.513214163969976	0.147352590094822	1.36011336557208	0.087001260601982	0.43344622243089	-1.03978117689371	-0.305149308481563	1.54660678583052	0.141993428903277	1.47643506350207	0.361975715132209	cluster2
nu153|T|349|___1	-0.429186580326105	0.87598678651219	-1.50305410789688	-0.980895698664084	-1.69773474481928	0.111390977116099	1.05899100948073	1.25884678105006	0.208744259102212	0.631633185986328	0.844956049249847	-0.225648520162441	-1.21423873952692	1.23473873984488	-0.600303781593783	-1.17322669810289	0.751210944821838	0.847790137928204	cluster2
nup50|S|79|___1	-0.29704138781681	0.00405318137723967	-1.8710239811462	-1.85516754116942	-1.77114128175382	-0.840307570784241	1.0915061257743	1.19757935795237	0.530756221398093	0.901607178947032	0.326244631149767	0.12471132172868	0.135173002123008	0.878214005313793	0.86265624719916	-0.455670678400013	0.564945314465925	0.472905853641121	cluster2
nup53|S|123|___1	-0.735354885066465	-0.282145451493538	-0.71147000819946	-2.46834605144466	-1.198729280426	-0.569144904982888	0.729235002572173	1.03156928759444	0.88475569038643	1.13172818632119	0.28485842759103	0.359896339107946	0.236319333423794	0.916971921940032	1.04042829067729	-0.628025203022386	-0.953561103120155	0.931014408141215	cluster2
nup98|S|1047|___1	-0.485744056888838	0.463190714988844	-0.671011475703978	-1.1867468904507	-0.502365108182722	-0.633503237292012	1.77695767278315	3.1775295234567	-0.401186507313456	-0.342644045965189	-0.524506156100891	-0.182868988429059	0.101108196737379	-0.132580718591948	-0.0367859834272111	-0.318630773581467	-0.22375678239936	0.123544616360757	cluster2
nup98|S|1049|___1	0.774628469125068	0.199324736406522	-0.0893207913112368	-0.562989335282642	-0.738560499699945	-0.256528960622419	1.5629827554954	0.311181204936302	-1.00658177065033	0.00265221902306586	0.155631127368487	-0.744059790553702	-0.495183326558638	2.12656459279874	-0.540486650863484	-1.25804054837799	1.7785265620064	-1.2197399932396	cluster2
nupl|S|3|___1	0.630434896341745	-0.660327382704103	-0.706934836069607	-1.74798548723415	-1.80718624734586	0.258539301193129	0.0607800311455613	0.685450014647557	1.11758345806114	0.858225784869754	0.779747784204659	1.65606200036779	0.267706669305705	-1.4616607793922	-0.411938869833826	-0.575226080600553	0.210654358721747	0.846075384321514	cluster2
osb11|S|22|___1	0.122061776935137	1.06717647219818	-1.7025890291911	-2.20410445659322	-1.05049580375249	-1.6631380498965	0.725664442782259	0.941812723391298	0.214714364930762	0.616997662810256	0.825105310531359	0.621014183646397	0.550675140194491	0.738988035542773	0.393535098059858	-0.377931909278662	-0.183232006975246	0.363746044664439	cluster2
p121c|S|466|___1	-1.30388469204167	-1.2407571601434	-0.538270133958758	-1.1531829777525	-0.383143893632596	-0.77562680144418	1.88656561301543	1.13876332567721	0.0984302911465078	0.459735722084801	1.7350030326231	-0.471259174823563	-0.642622742082628	1.25511410756183	-0.301662542969258	-0.632101273467394	0.771232853270461	0.0976664469366114	cluster2
p66a|S|217|___1	2.22649293843126	-0.575008467924406	-0.982071212699215	-0.396990615728523	-0.860823404657988	-1.16993491808337	1.85586850630771	1.23863646816508	-0.1229571805083	0.676421074530959	0.11785022229717	-0.347418507141877	-0.600714532582755	0.242626663021749	-0.877645805218674	-0.412416570419721	0.869941562395875	-0.881856220184972	cluster2
p66a|S|512|___1	2.59786673666727	-0.793908288215409	-0.94144446855569	0.275933327585515	-1.34634356866538	-0.671958181166338	0.43299917440601	1.51635371560588	0.861309653754398	0.118414918417879	0.92215584207852	-0.503831268443965	-0.454197162159423	-0.119413894348433	-0.6166406544392	-0.788386869001269	0.349427392752911	-0.838336406273263	cluster2
pcdh1|S|736|___1	1.45951652038475	-1.18023930305435	-0.730814918997881	-1.41282032475793	-1.31646879256649	-1.90044227767756	-0.0743047335166309	0.802797119815173	-0.874992439018516	0.833041132603135	0.46701595912278	0.29445476765104	0.974580373613233	0.0513147574251947	0.972075366963453	0.839605428203622	0.0313161096578121	0.764365254149167	cluster2
pcm1|S|1002|___2	-1.06788808190957	1.07379138241428	-1.79975086137548	-1.86664122670882	-1.6336753692847	-0.585187024205279	0.0746808962301232	1.02833228068644	-0.10463581320229	0.403269125914972	0.713416065171055	0.472715199034254	0.263619266431381	0.686175928136484	0.764880739657916	0.901177008578233	0.984760528213345	-0.309040043782339	cluster2
pcm1|S|724|___1	-0.629664164427711	-0.757322303674331	-0.941194883944518	-0.841860772065288	-0.0944195640828382	0.984495598525146	2.87559180658611	0.603561726941522	-0.213000406800158	0.172846716285145	0.357360050101521	-0.188280656428625	0.110243467038467	1.50748586037573	-0.96981985547034	-0.783974553516122	-0.728731991579508	-0.463316073864205	cluster2
pcm1|S|994|___2	-1.06788808190957	1.07379138241428	-1.79975086137548	-1.86664122670882	-1.6336753692847	-0.585187024205279	0.0746808962301232	1.02833228068644	-0.10463581320229	0.403269125914972	0.713416065171055	0.472715199034254	0.263619266431381	0.686175928136484	0.764880739657916	0.901177008578233	0.984760528213345	-0.309040043782339	cluster2
pcnt|S|2481|___1	0.624697611535431	0.887286725758162	-2.26075901036605	-1.88952090665669	-1.61351944850639	-0.334276152392329	-0.531727071328474	0.656800566721959	1.01296137691265	1.08773508915375	0.850012750531137	0.592316106919774	0.241721400854912	0.15967537120056	0.420479093866053	-0.00826195878658272	-0.233280683810319	0.337659138392444	cluster2
pdli5|S|111|___1	0.903564251023134	-0.276285269879237	-2.11263923987729	-1.72345977403833	-2.37658742603995	-0.150446041146248	0.253625836135203	0.584368894228812	0.52535292056982	0.36418098449127	0.676193978619595	0.661408823941	0.424956839128544	0.41408492538494	0.680652299255295	0.411568403626973	0.236293165344589	0.503166429231881	cluster2
pdli7|T|243|___1	0.644255906778644	-0.614683558903054	-0.561968156747485	-0.144365985890407	-1.22943231258064	0.204971673085905	0.762576342278559	1.26142695158759	-1.26082944254988	1.13958507812758	0.0277789257455733	1.03931783771507	0.966194558148968	0.0608451313122443	0.924881947333112	0.0626161211728399	-0.938469162873758	-2.34470185374087	cluster2
phr4b;phar1|S|599;478|___1	-0.676699918968083	-0.453583074053724	-0.730478332317135	-1.50220961009295	-1.32898480484777	-0.457506369557158	1.67783984624481	0.184259730900612	1.02005845351578	0.323059403567204	-0.0496711107589584	1.23490574839566	-0.318954226816614	0.314372486669439	2.00962057259771	0.193413594182575	-0.11284079089267	-1.32660159776872	cluster2
pica|S|358|___1	1.54085030580708	-0.254775384009819	-0.823509470178721	-1.8494257638892	-1.91653468564695	-1.57171009553167	-0.550547280806527	0.302741448769938	0.307697040314227	0.568149423159787	0.689344735716103	0.52493316725829	-0.124631996921637	1.08620148167672	-0.0528136176884534	0.716821070646668	0.867713932482347	0.539495688841806	cluster2
pkcb1|S|465|___1	0.559343283587049	1.52977909595162	-0.741414335146175	-2.62675145059355	-0.873248823216321	-0.431885784709492	0.590391498597408	0.764180185891996	-1.25294025990324	-0.0631937885402397	0.17570695436518	0.0360595023974649	-0.463808913132123	1.03554841780332	-0.250256999045509	0.638411954368826	1.28202692204723	0.0920525392765548	cluster2
plk1|S|340|___1	1.36489980505638	1.80367099668812	-1.52008565845937	-2.08907765554054	-1.17063196642859	-0.605834054751912	0.958856101794316	1.06604322121171	-0.115898080732451	0.151486745014617	0.148556403691024	0.13475957648973	-0.0806811680742264	0.602479955882196	0.176207972586125	-0.913453069975761	0.268142018010412	-0.179441142461791	cluster2
pp4r3|S|852|___1	1.59017230837362	0.602694070618846	-2.1074573685966	-2.17667698787484	-0.869586783481101	-0.0430335370016501	1.60690310880868	0.152019120643687	-0.0685786087736118	0.0297037413621836	0.894699240041694	0.0178661120411758	-0.256820382668715	0.556719121540579	0.390195918745608	0.170592099527794	-0.042058330809307	-0.447352842498036	cluster2
pphln|S|135|___1	0.931507014596761	0.923996172999064	-1.38863294256983	-2.12299650899447	-1.05767070349154	-0.330175059057667	0.300615704265206	0.629775547096273	-1.09821163037375	-0.678808096721773	1.41149546510872	0.204145754405348	0.159597362822866	0.998917411836416	-0.603298465918313	0.59940501972653	1.28592883716755	-0.165590882897386	cluster2
prc2b|S|400|___1	0.721005643128516	-0.425182216135437	-0.235898994372542	-3.48196193359547	-0.0747421695603228	0.0101565212613607	0.301225226059887	-0.00694307591549871	0.160488399188047	0.0832992379472044	0.34437792600917	0.707182635955516	0.962797213388689	0.284222642113986	1.37127387117466	0.125563158581709	-0.657186269241839	-0.189677815987633	cluster2
prcc|S|462|___1	1.79994456384489	0.470171077957021	-0.523624651300538	-1.02829131069701	-0.530966718946379	-1.55793033378501	0.125561433563965	1.52449623107019	-0.674248840471267	-0.143852622581574	1.17700322869986	-0.312297247819925	0.0599092255631225	1.84108989805725	-0.297336242137323	-0.931949609926293	-0.918752035911379	-0.0789260451796041	cluster2
psip1|S|214|___1	-0.398668152740553	0.0238016402690902	-1.18647896423885	-0.866612216988469	-0.211858858675695	-0.000987118057972628	1.44847349768599	0.32125424332718	-1.03977535787354	0.155247410306765	1.75384842296604	-0.0365876203890668	-1.31950869851111	0.602960258146914	-0.226066099384134	-0.374616026680828	-0.909369194758697	2.26494283559694	cluster2
rbm14|S|281|___1	1.05201113633392	2.05934132852449	-1.11122023523499	-1.92807506267434	-0.468521040389595	-0.79147367628808	0.850892971255675	-0.266121436763046	-0.184054784223824	0.397129825377028	-1.10260869756184	-0.823470944382844	-0.00643562731293598	1.41386629496348	0.0946473360668011	0.173965480623983	0.924513148367688	-0.284386016681572	cluster2
recq4|T|695|___1	0.0458580864476959	-0.584288787741291	-0.660027337949266	-1.87993917689119	-0.368358133149443	-0.254947585671191	0.933384919992764	1.43122034136563	2.0273121343204	1.95503747010267	-0.252771968783616	-0.195521043527751	-0.778904262405546	-0.220927329397519	-0.0516930518049532	-0.899019529664678	0.00974734149131883	-0.25616208673404	cluster2
ren3b|S|484|___1	1.3660508127308	1.63680300882678	-1.21079349159745	-2.16226663168722	-0.961680223846632	-0.433010730989706	0.488467239089979	0.379240991450504	-0.2579762526074	-0.174740693185886	1.08944217564751	-0.116397305753988	0.0325114637773255	0.888165049839525	-0.623053832910051	-0.466061110532603	1.25960023380967	-0.734300702061166	cluster2
rfa1|T|167|___1	-0.427016167769901	-0.203694981126671	-2.61476835442927	-0.905468286482725	-0.623180467892962	0.318422941744455	1.91927444977937	1.14756795482197	0.123237996519957	0.792168864759436	0.41177756132695	-0.0183286106077607	-1.3249392592349	0.685051173022296	0.597579656217713	0.00229979156682457	0.397144270418859	-0.277128532633642	cluster2
rif1|S|1870|___1	-1.57367657762683	0.911231563877238	-0.638314362833991	-0.351101670978449	-0.797442390897167	-1.15412435175455	1.48126502320384	2.09720736925138	-0.352678056773356	0.438071497434118	-0.678414946118022	0.647923667179371	-0.631535261541522	-0.141323405885037	0.918503598340769	-0.0942643417649483	-1.07293013896782	0.991602785854975	cluster2
rif1|S|886|___1	-0.0579544385493838	0.46346084027362	-0.858775464253025	-1.05893545841727	-1.95250128052219	-0.576343844499156	1.20250142837772	1.05248895985144	-0.0556779783930941	-0.0855238916389096	1.33132779098827	-0.594239086441852	-0.528442967490207	1.61815261265997	-0.233134029750349	0.250082080110862	1.28087230577615	-1.19735757808259	cluster2
rif1|T|690|___1	0.0978631357366867	0.635109130113513	-2.32655591973711	-1.45950246740695	-2.43545831499862	0.0319596908391995	0.850602242009439	0.48145487418894	0.294341291229616	0.580491119673953	0.417088976461252	0.16635094576881	0.258549660476554	0.799578180468639	0.248754896755459	0.577816216312558	0.639440780139301	0.142115561968766	cluster2
rnf4|S|117|___1	0.630278391067719	1.20330993323034	-1.30730148762108	-1.90098178325787	-1.38139627312022	-1.17459516878141	0.145946656541007	1.28347376422218	0.237043095091729	0.778459703110925	0.739785909378222	0.392571846180674	-0.164209475228738	0.923316284675288	-1.32405052683964	0.385302636843332	0.809105467127592	-0.276058972620056	cluster2
rnh2b|S|313|___1	1.11536856210919	1.25764516552903	-2.02391577206154	-1.60721279272856	-1.56359949199543	-0.588658148371948	1.07459152315635	0.713489464947826	-0.273684491345646	0.232677527830442	0.566340993681423	-0.241935940131252	-0.269478422375392	1.05328447117999	-0.168915371320028	-0.0183509997653132	1.09401156298131	-0.351657841320455	cluster2
rtn4|S|9|___1	-0.996941274014976	1.13768771690548	-0.085724966687486	-0.548308623495158	-1.03659288321455	0.455737608637958	-0.497856201862819	0.566921729818118	-0.403872389149414	-1.6333117229692	0.405025462392805	-0.681580976779357	-0.541271889098636	2.48940807224155	0.116040879885497	1.19665882984897	0.78912719282888	-0.731146565287654	cluster2
sf3a1|S|407|___1	2.95393648596728	-0.933675870634536	-0.469110707750548	0.698252338724476	-1.60485205081453	0.0282080535202708	0.912338465361785	0.0163998289081742	0.0866077059154709	-0.474762830005451	-0.311577711790728	-0.793500958892911	0.0820048755872679	0.1374662896583	-1.10452135353467	0.0851253494973895	-0.300022018838012	0.991684109120967	cluster2
sf3b1|T|357|___1	1.04826991991991	0.958799383658534	-2.10439275995516	-1.51583986572264	-1.40732425006174	-0.632200611302538	1.01562091639776	1.10309853383792	-0.506365891181917	0.501056658586567	0.593346682021031	0.159543314535424	0.0773171875224098	0.973812473298625	-0.0173264660142676	0.128038267622214	0.734390181566092	-1.10984367472823	cluster2
sltm|S|214|___1	0.259118779532189	0.757686657185543	0.68757771326026	0.514437688340697	-0.992290911021227	-1.68844302260775	-0.293156076736558	-1.23850959192503	0.706960233561853	0.666866244572408	0.782549205378859	-1.1884624709971	-2.19767907784865	0.778758201891751	0.757529701333484	0.164129381612718	0.760883690625463	0.762043653841091	cluster2
smca4|T|1375|___1	2.08876327372584	1.81299783959228	-1.42739810045447	-2.01571070901175	-0.112253337117753	-0.408576469109631	0.859624649054107	0.464482312645596	-0.246126744689575	0.046388801525753	-0.172845472933952	-0.168441593574608	-0.523136000432482	0.662426074258522	-0.697368846608935	0.187063786620798	0.416381080559818	-0.766270544049552	cluster2
sox13|S|343|___1	0.0890972325062914	0.223823901322882	0.585495834890459	-1.04599117240522	-0.729881813703606	-1.19050573306651	0.791322264830035	0.643594155067366	1.31896803332757	-0.351713716959451	0.791766774671894	0.71889869823482	1.00830032829006	1.01622834053584	-0.845092199666506	0.234695401704335	-2.45966075827058	-0.799345571309678	cluster2
spag5|S|225|___1	1.12159774963692	-1.46476021472065	-1.37620240817936	-1.30482450486475	-2.57789838410295	-0.255488240055609	0.0577511542952798	0.617585660594334	0.327057629616143	0.466663068887513	0.610010814840165	0.82972283164271	0.662987972316809	0.359284807380481	0.583561753627561	0.469217216469599	0.500378738739317	0.373354353876486	cluster2
srrm2|S|1935|___1	-0.543860649891292	0.54438364622182	-1.36772399433157	-2.1577655618235	-1.0425800751982	-0.877598633481034	-0.753079597334559	0.573321860373658	0.00529873776123344	0.277429114849531	1.31541037718088	-0.652955905209184	1.21755515152554	1.15981318204997	0.302749660978434	0.0696680586032683	0.732406971026275	1.19752765669872	cluster2
supt3|S|327|___1	-0.107103950741389	1.68316808830494	0.810842042310122	-0.0203549323352263	-3.42829148124805	-0.476915135405295	0.694207916247853	0.182197253118332	0.46219910575894	0.331084106369996	0.396354808716768	0.158685346168624	-0.391548081595016	-0.0711290193845581	0.110499279162433	0.175730280995326	0.0324164686623554	-0.542042095106143	cluster2
t194a|S|358|___1	0.0190501201202827	-0.260782218236366	-0.720751244881543	-1.57192673412694	-1.57505321085486	-2.17740710267334	0.873556840813257	0.536756786294006	-0.200026406962081	1.2004572788261	0.416132812943964	-0.094776953251332	0.259188274168372	1.14307959872816	0.132765333498621	0.741473765735791	1.42863607021389	-0.150373010355985	cluster2
t2fa|T|453|___1	3.28775915423855	-0.754245188312779	-0.584482911937859	-1.23412968421224	0.13724759360388	-0.481879024400431	0.616586974373902	-0.0402020285643164	-0.141415479934534	0.996192379213038	-0.478892021550049	-0.367247721859914	-0.565402249795314	0.45048006336561	0.410663338262787	-0.424844662817713	0.103901112321743	-0.930089641994365	cluster2
tacc3|S|638|___1	0.138436193787888	0.567920978272336	-2.42187978974713	-1.06966014688251	-2.4403305966115	0.16059316221214	1.24330851918807	0.608305744721857	0.368415253364816	0.542474865804429	0.754674147377751	0.387534089507113	-0.22371764666635	0.119113348261747	0.0954033116082327	0.240799671680957	0.604955599198446	0.323653294921717	cluster2
tbc13|S|184|___1	1.7451966315227	2.11886772772005	-1.90175640361326	-1.785762723861	-0.74313632018206	-0.441751115637569	0.16068853614405	0.886482806828463	-0.0881404334048939	-0.250187398832769	0.52948163113638	0.120571315852523	-0.258291414981041	0.534143783614294	-0.380511363039559	-0.0780068084168145	0.246019531324431	-0.413907982173916	cluster2
tbcd8|S|924|___1	-0.19191686184067	0.455044773269968	-1.08348397100293	0.654033320772229	-2.00769422812553	-0.53162041685131	0.800220734584421	0.104682319598203	0.739183369514121	0.483227387056071	0.276287069680202	-0.246521617839193	0.763104474783148	0.40082171798429	-2.51490986322768	-0.184177373420857	1.04368594349972	1.0400332215658	cluster2
tcf20|S|1178|___1	-0.693609394369898	-0.625947913482899	-0.690418882381288	-0.92667028477752	-1.12313617223204	-0.176743767935989	1.495203771808	0.529001000818093	-1.03734078668123	0.24384226167629	1.58483397800255	0.0915009867271844	-0.161893717556098	1.58797891680299	-0.0732461353208131	-0.637428711218195	1.75269169028844	-1.13861684016758	cluster2
tcf20|S|391|___1	0.43741434084965	1.399209869111	-0.180944694871557	-0.479054822234176	-1.37710392241247	-0.541114503889356	1.65255666773628	0.776307723495248	0.39412385939975	1.12507128541488	1.4784509882911	-0.0319151297846905	-0.00144470548886631	-1.0387835486668	-0.180316133028473	-1.67149056001786	-0.911336591455094	-0.849630122448571	cluster2
tcf20|S|638|___1	0.827724337576233	0.703494436816651	0.810744579415015	0.0654419478290415	-2.7310433284799	-0.790345552600606	-0.380468537715628	-1.23492390901846	0.421202221043643	0.404136305951404	0.833838927735521	-0.514393129939532	0.977933567873922	0.595317039874979	0.11212114218174	0.995552252386238	-1.31929914894696	0.222966848016695	cluster2
tcf20|S|922|___1	1.10495311217596	0.438978355502719	-1.08928229262831	-1.49800748530387	-1.59815723411109	0.366260477431289	0.649875979200609	0.115070035250648	0.555621054346991	0.964222025359624	0.971076653139607	0.871687910086626	0.101194166989889	-2.02225706156545	-1.13425769088056	0.027564659914505	0.667723592167951	0.507733742922854	cluster2
tdif2|T|328|___1	1.17212873833768	1.6516073116447	-1.46248312986795	-0.850061072921232	-1.78321659008618	-1.26134069068792	1.53958154106546	0.823698774974949	0.031281948713505	0.473481392018257	-0.4049913094287	0.298729550037704	-0.809715074519188	0.516937386708696	0.0955737830330069	0.105982523701396	0.558360547888923	-0.695555630613106	cluster2
tdrkh|S|582|___1	0.948226845780842	-1.42780863774097	-2.34325176496636	-2.27637648663123	0.466541211569362	-0.192903973567705	0.832176216001716	0.613905023243998	0.0154004622609227	0.285498212241239	0.823815896886294	0.0836471784264296	0.154764094428725	0.773856969182512	0.303301450415545	0.54014636060208	0.524832811062452	-0.125771869195856	cluster2
thoc1|S|563|___1	-0.168293543331669	0.334016943788863	0.400844891974387	-3.61635541753087	0.40767106010963	-0.105313380063804	-1.04003601447939	0.17281460053933	0.0664615376618258	0.0636708571149965	1.02427993959259	0.299193959298972	0.490091981246912	0.366045561905914	-0.16780815464282	0.390589663832163	0.691138936714931	0.390986576268035	cluster2
tnik|S|780|___1	0.738728191961856	-0.657813077789708	-1.64372760284162	-1.69976366648085	-1.49414587423896	-0.0289403478448325	0.110499097193019	0.102795117418986	-1.2228970026241	0.690533278089786	1.07383520903403	0.221078053714691	0.969989610422124	1.133064828174	-0.54923353262232	0.981998147994904	1.22771860490788	0.0462809655311203	cluster2
tob1a|S|892|___1	1.27779530093602	0.814590758433467	-1.30050325591675	-0.544572241163844	-0.636057863507094	-0.907907520482448	1.69003486832061	1.40857457542421	-0.911571641808819	-0.238523034690652	0.58199139036464	-0.19876993072959	-0.803577544439518	1.27740158296341	-0.599660171025908	-1.05521750289121	0.972804452128801	-0.826832221915325	cluster2
tpx2a|S|263|___1	-0.00875473689860855	0.516841424641934	0.521468265916268	-1.18486468264274	-0.344839263789083	0.971122854669627	0.755729241328712	0.78704303921191	-0.844566425272846	0.182135506789759	1.34761552238628	0.908008965766027	0.440994279725329	0.215288238441459	-0.824751270183666	0.0776999137741197	-0.683704617580278	-2.8324662562842	cluster2
tr61b|Y|49|___2	0.702619151342388	-0.939343932525808	-1.01641876845076	0.265779465944764	-0.794011884743576	-1.0416830777436	2.63621026068659	-0.309602506214668	-0.0334252897927413	-0.487660364661885	-1.13283429656656	0.523608346734945	-0.242882952541648	1.10134822419683	0.0124991667848145	-0.991838012381347	1.17366157461506	0.573974895317198	cluster2
tri36|S|80|___1	0.037686404822964	0.173541678973708	-2.15514685322054	-1.96912647871391	-1.93356128328713	-0.645258776551041	0.251053919100878	0.569077360136908	0.109601797563041	0.640097667156189	0.684726363639091	1.07229682369312	0.575233894204567	0.477474230638967	0.180686920509552	0.664750550879292	0.75207373844807	0.514792042006279	cluster2
ttk|S|844|___1	0.527761503259343	1.4899401669003	-1.43476089263183	-0.370843494931238	-1.41285435340102	-0.912953893548476	2.13488424481867	1.58367730491006	0.0971394016193091	0.364409506624936	-0.122858506325843	-0.079502829652014	-1.07635073779454	0.125243189946589	-0.799700562828102	-0.149989966191126	0.470884069938731	-0.434124150713758	cluster2
un13b|S|362|___1	1.7165018576923	1.28560194242821	-1.01333384829245	-1.0918651246895	-1.86646307675356	-0.771061497063612	1.52228423572717	0.737810309885909	0.0603528418271104	0.355133313287693	0.921373132322736	0.0518481918586306	-0.410649925915379	0.7369175737551	-0.850356077122214	-0.442879765498046	-0.776099161769845	-0.165114921680256	cluster2
vrk3|T|172|___1	1.54556259436675	1.83350860869512	-0.849277760459406	-2.02002373040592	-0.14792219226787	-0.664773102459256	0.713129533181156	1.18965871772707	-0.821752473741869	0.423869221266199	0.330457204606798	-0.983051380234801	-0.018520089710953	1.08931934028743	-0.381679428442885	-0.157643311359904	-0.233908031066439	-0.846953719981233	cluster2
wdr33|S|1518|___1	-0.141964134567405	-1.13588958376506	-0.757958011947344	-2.03920959770835	-0.740362371017913	-2.15249434299832	1.1257032606229	1.20711457020178	0.180580275826354	0.494924794938238	0.451826960953934	0.533399066203328	0.716043657401064	0.756633540232658	1.05345454682481	0.23701312648971	0.180915650025054	0.0302685922845568	cluster2
wdr33|S|1530|___1	-0.633286421159362	-0.765495444899618	-1.18021598006833	-1.9961481316145	-2.44698421389215	0.188477397572789	0.970829814952354	0.993700773010646	0.120662995098375	0.480283494288215	0.636324308852325	0.563997521694586	0.480376047509746	0.760930596557866	0.568921691848866	0.448423847099963	0.565956052083562	0.243245651064667	cluster2
wdr70|S|64|___1	1.66796521732121	1.6740909599323	-1.12542946348883	-1.88784348317584	-1.50460384383893	0.147023570406888	0.980107820828043	-0.0636086386655089	0.347743305989826	0.173348571413759	1.28589141084374	-0.445743396597382	-0.0774552398443131	0.25928678902574	-0.938729425723847	0.275697637454271	-0.440071901650234	-0.32766989023088	cluster2
wee2a|S|38|___1	-0.387352935789831	0.349221369757409	-2.28863743118114	-2.00627791707757	-1.13674174509678	-0.0264766746521447	0.543762900059436	0.876444950857477	0.138732764423287	0.345251905275311	-1.11132668345183	0.545531068639843	0.29698069684038	0.712940754523073	1.00205203238417	1.11765836904723	0.342667822064029	0.685568753377663	cluster2
xrn1|S|1211|___1	1.80256591189768	1.20128215266233	-1.41267725775197	-1.67006627612294	-0.245090490913984	-1.1814203203591	0.895240597004692	0.73249698142362	-0.760597623599734	-0.0941050538860132	0.715796818547432	-0.185781263969185	0.0201483837098655	0.996044977667474	-1.16294871251112	-0.199304290956974	1.00213649043599	-0.453721023278066	cluster2
zar1l|S|124|___1	0.617517439813699	1.92228188681433	-1.0186492920801	-1.10800184021158	-0.915370781850685	-0.49702624270575	1.50350186415776	1.00272308405737	0.736409299782157	1.22766153654103	0.978523707602878	-0.556332969650287	-0.753852081393278	-0.442866597060313	-0.609831717584355	-0.716609073228603	-0.236480785422786	-1.13359743758148	cluster2
zc3hd|S|934|___1	1.22330569416625	0.841988136411937	-0.409521499986839	0.108684594427614	-1.91000373513331	-0.313121050516984	-0.179708669797827	1.24158187116541	-0.183849839776707	0.688109496724383	0.271564415048967	-2.61355689008602	0.651724045751802	0.685934411784462	-0.250328023534929	-0.557687201988344	0.780225111905384	-0.0753408665652486	cluster2
zmym3|S|114|___1	0.75567930195344	0.887481843895273	-2.21739695500591	-1.63523174550062	-1.04064317299349	-0.0564849140946169	0.72236127398045	0.835766730655147	-0.528848590888109	0.454598224054562	0.9720818924243	-0.289797843381191	-0.698706958456816	1.24240193699469	-1.03629903873174	0.289440779864221	0.933249632840117	0.410347602390287	cluster2
zn462|T|388|___1	-0.412404122291763	0.773837537128527	-1.6525418309421	-1.30943116973837	-2.75286394937443	0.121249355321608	0.927541148355205	0.235138927969359	0.107017538468681	0.364315512125363	0.908946076833128	0.481491812205491	0.336190915715239	0.473347373652186	-0.604914667422159	0.702048387964781	0.778180983485615	0.522850170543646	cluster2
zo3|S|140|___1	1.36340283653886	0.122297012689201	-1.32451416298217	-0.5648130260258	-2.27488396266074	-1.08069416919538	0.991335884406601	0.955135134785995	-1.20317469174181	0.344849208618017	-0.206665506722753	0.0947865704081782	0.498366846497584	0.385057707053597	-0.148969645069895	-0.105334040817553	1.54975153712615	0.604066467091917	cluster2
