ID	0h00	0h15	0h30	0h45	1h00	1h15	1h25	1h45	1h50	1h55	2h05	2h20	2h30	2h50	3h00	3h10	3h20	3h35	Cluster
41|S|538|___1	1.02674702310397	1.23287994214516	1.33423086095359	1.22442860990272	0.318899565786186	0.753486319846135	0.683988465954986	0.610627577778792	0.00515810179995828	0.102816689216457	-0.2899274310194	-0.257527354373705	-0.135486185768198	-1.24584192282244	-0.888909157192583	-0.963688504452404	-1.65774277342063	-1.85413982743859	cluster4
abcf1|S|101|___1	1.72488753515413	1.04802251348946	1.26912213850235	0.960422519037743	1.03482375738996	0.587789906098312	0.217199689599938	-0.406857110312646	0.246251584870625	-0.814868716317104	0.184899417739125	-0.698465280453928	-0.182219377741658	0.189532329074523	-1.56645174642066	-1.28579622071702	-0.941388380947955	-1.5669045580452	cluster4
abcf1|S|101|___2	0.958443686716608	1.57268741592897	1.45358278363021	1.15788680866302	0.707744546065445	0.450347506310459	0.666267361417766	0.367757655980569	0.112905258989949	0.165120156705614	-0.359141195598493	-0.504943872892611	-0.538652183296362	-0.803014326638404	-1.10024015132711	-1.19021607690902	-1.43768186082569	-1.67885351292092	cluster4
abcf1|S|105|___2	0.958443686716608	1.57268741592897	1.45358278363021	1.15788680866302	0.707744546065445	0.450347506310459	0.666267361417766	0.367757655980569	0.112905258989949	0.165120156705614	-0.359141195598493	-0.504943872892611	-0.538652183296362	-0.803014326638404	-1.10024015132711	-1.19021607690902	-1.43768186082569	-1.67885351292092	cluster4
abcf1|S|43|___1	-0.561327318554335	2.65849807555294	1.5595716978253	1.02327860132427	0.663987154519785	-0.0239400253158645	0.334736222839932	-0.233156870100461	0.109441949373857	-0.03810695969937	-0.710675202235557	-0.635434510498163	-0.358774363296489	-1.20223614997852	-1.59655917157809	-0.244945279455752	-0.100440367349617	-0.643917483373872	cluster4
adad1|S|359|___1	1.45516951824314	-1.27463539315353	0.225654017933762	1.09199533531707	-0.146488799889366	0.778863058828846	0.792836879565507	-0.244523286101885	0.518007015316106	0.411985861040864	-0.699226779190953	0.702532893624206	0.0304332361779103	-1.08425755972517	1.25417078534595	-0.400650385405243	-2.22889978113281	-1.1829666167944	cluster4
agap3|S|33|___1	1.36162592590484	1.39640193003466	1.28203662167348	1.24185249674393	0.577871742866255	0.392051827784516	0.449915853333663	0.300020707399073	0.116780531994265	0.204418561273672	-0.0221373440765246	-0.381472914884863	-0.493194343570095	-1.04454153471741	-1.33099350228064	-0.832015356521771	-1.44986557754565	-1.76875562541141	cluster4
ahnk|S|136|___1	1.3372286858015	1.78919542033494	1.51947201874496	0.571958629084888	-0.685934585195757	0.483854871399513	0.714937980819088	0.493626822943747	0.432621382027324	-0.412066485210655	0.307493755379345	-1.11791242813881	0.091623116083401	-1.17481541119676	-1.20366073185636	-1.26238362902504	-0.997115792054735	-0.888123619940593	cluster4
akir2|S|18|___1	-1.98811026695258	-0.703051143491174	0.602650281219793	1.04635179806786	0.229752257658851	1.22621250662748	1.05080173864152	0.229169684053172	1.37236945280873	0.943464419833095	0.152955012564017	0.301938158706686	-0.516832367465693	-1.72601574172753	-0.25116954330931	-1.19479585651698	-0.865448032353417	0.0897576416354879	cluster4
akir2|S|22|___1	-1.23857424601232	0.0997495731339338	0.280146832322767	-0.185265751420516	1.3808917634257	1.19686582120515	0.480464003324753	-1.08189611591467	0.765379922005387	0.232781527052916	-0.898063508952964	0.664201765762654	-0.251873378524412	-2.21953342093376	0.621274051614902	0.83542563369216	-1.43838801609907	0.756413544317399	cluster4
aldoa|S|270|___1	1.54255873474449	0.728525087666124	0.54494725294	0.878663425865488	-0.174074796326664	1.56169895649881	0.46333166832074	0.710555527466624	-0.230373990332027	-0.752536667080983	0.034820323638151	0.517164328318079	0.160289757324534	-1.64165826334648	-0.734176290884441	-0.343034979572012	-1.97308050577008	-1.29361956947035	cluster4
anr17|S|1491|___1	0.681215635935794	0.813132326476959	1.38101556829145	1.58048154844393	1.74974247615069	0.973977749272884	0.338224437435156	-0.918548961272333	-1.170972819095	-0.992190244278211	-0.842536701076821	-0.0879176205128866	-0.128056399566248	-1.21190282198907	-0.0807190159548558	-1.10927186054428	-0.826941109797865	-0.148732187919314	cluster4
araf|S|226|___2	-1.20068720417303	0.633096764282161	1.24816533934528	1.04535789213373	-0.0881746675501594	1.05009786804552	1.65847691096655	0.934186297639869	0.790201366682873	0.906133671328996	-0.940360662183238	-1.08257257771479	-0.758638500258305	-1.09152922765211	-0.814425904868947	-0.555104069221199	-0.987977600037011	-0.746245696766193	cluster4
araf|S|231|___2	-1.0087436514044	0.695921834216728	0.995260633711022	1.33219931651945	-0.0353418813809333	0.846927207354064	1.66059399264077	1.13361399278835	0.444857319936125	1.09716059351473	-0.97964651850824	-0.844313679509594	-0.833272752384889	-0.823304956793577	-0.831025723651276	-1.15253478162146	-0.67015383476209	-1.02819711066477	cluster4
arhgg|T|568|___1	1.87501743033282	1.71554027988653	1.46682275121568	1.31305879549843	0.136308640240025	-0.236087559962453	-0.0059145879263428	0.270209243359602	-0.492854334970556	-0.541887245611278	0.385638914956764	-0.122700968955927	-0.643865174905937	-1.26809004852556	-0.921404242801786	-0.92652207983176	-1.20320954564999	-0.800060266348254	cluster4
armc9|S|732|___1	1.38479403241582	1.59427559384534	0.693756706913962	1.08615111605428	0.0440167906884609	0.298318698702697	0.553435863511963	0.679816042139967	0.153185306152329	0.247191421849119	0.352281351732621	-0.295620976398246	-0.30217831238814	-0.389457598412749	-1.24621365156644	-1.69289292399153	-1.76309361051461	-1.39776585073485	cluster4
atrap|S|144|___1	1.37526076732561	2.0085627919541	1.07679948261522	-0.625018585240212	1.03397405536149	0.982570989745729	-0.472315935677992	-0.504122696684974	1.18329587849449	-0.419891257056384	-0.263439586396217	-0.550049972204181	-0.236541867715468	-0.615271362857646	-1.57616946621449	-1.00069033874973	-0.988324431673132	-0.408628465026216	cluster4
atx2|S|600|___1	1.59332612347344	1.76091433704427	0.479404453970692	0.651194700841187	-0.0606028063535726	0.396748852551258	0.618704428984197	0.642374325404483	0.237541836606629	0.101500143945778	-0.239447424369159	-0.0339755124029743	-0.573811960248126	-1.76681353727279	-2.32783918474033	-0.400117416097855	-0.61961302102083	-0.4594883403163	cluster4
atx2|S|654|___2	1.49567136564046	0.739699591373678	0.422092279719218	0.161414594350211	0.924671081429328	0.27032754339305	0.77051050555855	1.38608709789222	-0.466536317689931	1.3499675369179	-1.08144930605369	-1.12025259086038	-0.283063322233196	0.0947080900833081	-1.0754759604108	-1.78413712094161	-0.748022880427184	-1.05621218774114	cluster4
atx2l|S|259|___1	0.675024864718665	1.40515539270922	0.922074048905372	1.11742030773484	-1.25061695177906	0.847692579184474	0.734624919385892	0.7189509913221	0.427171468024236	0.443846117414547	0.43821402922273	-0.0322158940198242	-1.1442750531942	-0.63340875831497	-0.169515554429377	-1.51844527934963	-1.67666334797606	-1.30503387955896	cluster4
baz1a|S|1322|___1	1.53355739076179	1.51251899972619	1.01205123191463	1.04580813405829	0.0020921103171543	0.760684589958316	0.411533709569437	0.701138811133915	0.0696269891795685	-0.173254842645237	-0.103471396119364	-0.236603209535535	-0.198882452636315	-0.767602093162777	-0.899992630054262	-1.1992471400926	-1.78036321808859	-1.68959498428461	cluster4
birc6|S|2056|___1	2.17320346079094	1.14846744436724	1.86286041489277	0.812249638631836	0.222521775543729	1.2627071261778	-0.753087490582923	-0.497413368418263	-0.485444036920618	-0.746488111011176	-0.816186613282483	-0.451003036099978	-0.801561347742924	-0.408225916157451	-0.692795972430747	-1.02952047611072	-0.537956034188572	-0.262327457458471	cluster4
blnk|S|298|___1	0.140276068979512	1.06993900466324	0.644317849517787	1.82076582662606	0.576293682366574	-0.871678234479272	1.68669172782248	0.481009960875509	0.471238942039812	0.431797316317417	0.122445299800377	-0.675263427068495	-0.25838504792645	-1.08536317012167	-0.779783881091322	-1.80757507770728	-1.02410709670131	-0.942619743912981	cluster4
bt3l4|S|130|___1	-0.743858235390531	-0.816867480562133	-0.175881858370383	0.651321762097226	1.31767727137375	0.736897561157121	1.03423252682815	0.559969671577395	1.20964624804979	-0.583164378851441	0.651244694492725	0.200591821929103	1.31767157692911	-0.609662388572071	-0.255358683262315	-1.59237857490428	-1.93797471439928	-0.964106820121942	cluster4
bub1|S|702|___2	-0.399151705962134	0.0515774419215126	0.897292628239005	0.994089465541229	0.605867900230068	-0.395765398431856	0.529261331158546	0.947522638148675	0.258994583604637	0.817598343439446	-0.115524309476921	0.592440747420824	0.607765317583326	-0.862250720305626	-0.119433240185885	-1.13146119765131	-3.13281459968199	-0.146009225591543	cluster4
c124a|S|151|___1	2.82618879711097	-0.768836798187565	0.398090469844675	1.19823700959436	-0.644054339294435	-0.179905021399573	0.652369958572626	0.655237068927388	-1.45887826985527	-0.00985909198913082	-0.0277965498982996	0.185748380111597	-1.1738152746996	-0.811722035481374	-0.0449187557727449	-0.214228575599889	-1.03509966772997	0.453242695746231	cluster4
caf1b|S|430|___1	-0.144892173151525	0.551680743720658	2.37527705216906	2.45511688003707	0.478329220469285	-0.0829474306803418	-0.380843745493601	-0.198004773912349	-0.762917103641416	0.162145052865214	-1.05953780866845	-0.622072321134873	-0.240144165433422	0.422079795508981	-0.544805711518882	-0.778766122097854	-0.805037691927847	-0.824659697109703	cluster4
cap1|S|300|___1	1.61134706263526	1.5605881050185	1.07898481944869	0.756306014717469	0.59547647533804	-1.29986140291305	0.445903171650301	0.568902684825877	-0.446467145482207	-0.442801430869431	0.266090715965103	-0.425199521061127	0.348007284962461	0.375178938075356	-1.66166408453284	-0.666065279448993	-1.30807894948968	-1.35664745883974	cluster4
casp9|S|104|___2	2.40473727892658	1.10176151974231	1.87804186973002	0.539743946180672	0.819357829514964	-0.433117124714371	0.0239978246504229	-0.571195586527354	0.0269476517254766	0.135882608775247	-0.712154227894973	-0.470710358081783	-0.533571791507555	-0.620152464320167	-0.764901343969707	-0.5756099902447	-1.38575309725865	-0.863304544726428	cluster4
casp9|T|102|___2	2.29620985110315	0.624385423698354	1.76428818148885	0.215106121526062	1.14864209970376	0.268391104711271	0.381622712025088	-1.05611105971639	-0.481821294327872	0.305298465133781	-0.772994329820577	-1.43238334067908	-1.21751889028637	-0.753010824503504	-0.11220767868347	-0.507507282063631	-0.395680137530592	-0.274709121778822	cluster4
cc132|S|15|___2	1.50067228623728	1.82896180687989	0.602988861197884	1.46727678936939	-0.413863312956424	1.06779741818404	-0.126513945270948	-0.272355759569098	0.868773725387098	-0.5173680499802	0.188530029939649	-0.409727034475137	-0.786665522522308	-0.980092079583098	-0.650920596339362	-0.943369762191513	-1.67445394649787	-0.749670907809276	cluster4
ccd43|T|132|___1	-1.18667569002195	0.0067882661926237	1.07654967346841	1.22242152934676	1.1601090007281	1.33509593286113	1.26527561588924	1.35761041523943	0.663057580032246	-0.200414096185218	-0.600399989021612	-0.780798658286384	-0.844086107792815	-0.797403701678757	-1.25274008375632	-0.891250786323369	-0.886785217342252	-0.646353683349265	cluster4
ccz1|S|255|___1	1.37037911338223	1.30873325457368	0.715064689800886	0.836392915444237	0.563447589621294	0.368881469209597	0.749561411224652	0.305831311584063	0.850049428028741	0.795746103033934	-0.0783073596900914	-0.505792567655558	-0.723204939559417	-1.61050709015182	-0.917085163141807	-1.26115099655161	-1.59896833337355	-1.16907083577946	cluster4
ch033|S|28|___1	1.85039428321443	1.77867287372185	0.853679000675123	0.7706959371687	-1.1712489427715	0.357897271280076	0.489252763127876	0.467162034688536	0.529681877773797	0.157432923215451	0.0471806257586471	-0.191562033817092	-1.30068183927403	-1.30986517282703	-1.50697178292587	-0.580730685509468	-0.65267692210952	-0.588312211389976	cluster4
chd4|T|507|___1	1.64234488247559	1.77376606930363	1.48337523656069	1.22148026243381	0.714426393964371	0.572482097238642	0.306870868933345	0.129060307376411	-0.452325372561837	-0.631469101410044	-0.632612217443195	-0.760764015723416	-1.10862988043836	-0.777825635509356	-0.892205300364648	-1.06673717219878	-0.822462593986328	-0.698774828650525	cluster4
CI072|S|9|___1	1.67195230959234	1.74751950082932	1.52233533172654	1.55695973788003	0.309953711351898	0.654178301038174	-0.101119891998716	-0.0457875167590405	-0.890081870774144	-0.708344778894986	-0.577482112514094	-0.999833996059233	-0.774772885857569	-0.529456382942655	-1.03982524237067	-0.251922112135982	-0.653936870351462	-0.890335231759745	cluster4
CI142|S|140|___2	-1.2536011314689	1.15376140129202	1.48851376739592	0.872783665886475	1.2385085787214	0.740297151186147	0.319130719255767	0.00547117673724688	-0.474012752286321	-0.00252657035415039	-0.316429934543868	0.34805874481489	0.514053294366795	-0.686040702333477	-2.57969870921615	-0.0217755195154525	-0.362308411845389	-0.984184768092954	cluster4
cnd2|T|84|___1	1.22223797131817	2.21892628077017	0.683201013107643	1.02267696279586	0.322571810768315	0.665075481971185	1.23161490338969	0.314625693749173	-0.60911748505293	-1.20442619323218	-0.604261339286804	-1.33926430812216	-0.948545201779148	-0.386667008610431	-0.405671571056312	-0.60702678693045	-1.0150093037689	-0.560940920030896	cluster4
cntln|S|1214|___1	0.906708016793444	0.048978857915227	1.39393106657223	1.01628792914266	0.0701895477329998	1.54711194248027	0.559236785560193	0.257978984231506	-0.0574488926898224	-0.598227496609919	-0.551998944673158	0.508293697764634	0.130404813932156	-1.64418560020517	0.658828081267843	-0.945458654432284	-1.68345198754707	-1.61717814723574	cluster4
CO039|S|1171|___1	0.979170310121572	1.40567341057478	1.22922206930366	0.954043235799644	-0.41634102253519	0.735958270473544	0.230576775183302	1.20583198592579	0.444613059684348	-0.00144018965120258	-0.527000658935297	0.260139098958354	-0.225122696437548	-1.59373130574947	-0.960835705669887	-0.63991528913284	-1.86424037141827	-1.21660097649529	cluster4
cobl1|S|1050|___1	1.56567127488225	1.78512131865449	1.54646985216995	-0.218877113904664	1.18486256799807	-0.220896694796913	1.13429398176969	0.343407647276153	-0.471913128940402	-0.570018319010813	-0.758419025162619	-0.639821366496185	-0.557310432664169	-0.217430040802086	-0.590632941713869	-1.36381402292961	-0.796755377792898	-1.15393817853637	cluster4
cobl1|S|989|___1	0.806808404685984	0.369453594990232	1.66671799945719	1.75251842464869	1.10496036450541	0.356982396580753	0.868570689668359	0.77023021736278	-0.740263389959264	-0.913192425443244	-0.708225816407115	-0.704069947131846	0.107661045724179	-0.222434443109387	-1.24668008225698	-1.12720320233191	-0.838054173949274	-1.30377965703456	cluster4
cpin1|S|255|___1	1.84271803230544	1.64418917528133	1.38255760615791	1.01448861720657	0.802845229453434	-0.289399189356499	0.458590686824068	-0.502587896203394	-0.345017348534006	0.308066344661758	-0.745974455451982	-0.903722502261364	-0.743580465780411	-0.206339050806748	-1.07788906838431	-0.0426266861970824	-1.13622245573234	-1.46009657318237	cluster4
cpsf1|S|426|___1	1.64470311898478	1.59585968357073	1.33090830383236	1.10544850299111	0.665422686511805	0.479076632225778	0.454674825578441	0.177384619480959	-0.16981152172482	-0.368419670715205	-0.233719233393788	-0.506920294550069	-0.363597199303205	-0.571604646396255	-1.36362354894422	-1.13460583999624	-1.42271115639179	-1.31846526176036	cluster4
CS021|S|581|___1	1.38582405392165	1.06010588252369	1.08083433928003	1.35110972654442	0.775828395676837	-0.265241918121184	1.20258859229246	0.094625869327308	-0.183534602734776	-0.137954146063911	0.497459801316627	-0.331434898374113	-1.61282327414981	-1.85349769920232	-0.666723726888702	-0.689564670492667	-0.783535544481896	-0.924066180373647	cluster4
csde1|S|115|___1	2.23349807693749	0.766654766897924	1.38923075111495	0.671278807228468	-0.00379293222168656	0.702311335460581	0.0337528059580655	-0.0978720912064482	-0.328521152451616	-0.107079311555761	0.159017237342847	-0.0804154970078829	0.299004701105775	-0.741538876648123	-0.725979711082693	-0.45076722155502	-1.63153072648288	-2.08725096183399	cluster4
cstf2|S|162|___1	1.64677747592133	1.01552688075228	-0.736863999813994	-0.0546336879086653	-0.425045080423382	0.914803811956453	-0.113544369653437	1.53645739044163	0.0864079978408926	0.727442080704269	-0.394050871541979	0.536505030113091	-0.306236650796891	-1.92067776787608	0.463389343011457	-0.262207932430234	-1.90048653716129	-0.813563113135438	cluster4
ctf18|S|47|___1	-1.53310798416872	1.45831423392778	0.487068740651523	1.24929026596415	1.11607951899453	0.878053900882125	-0.775716397927778	-1.0146769606991	0.775704179488667	0.745350376271038	0.161450136214852	-2.17372113100093	-0.0438038342037257	-0.535004706090591	-0.355078313316659	-0.750291499108346	-0.112706652411387	0.422796126532581	cluster4
ctnd1|S|558|___1	-1.96813852899828	-0.149673686148627	1.01993339831181	1.0558496632222	0.513866685398507	0.704058614982534	0.752497546385325	0.760614226349332	0.779587964081368	0.0310933968927678	-0.438854155193754	-0.635419628113185	0.677525576709233	-1.31005871729685	-2.33060026511222	0.468054697180389	-0.0387636205257986	0.108426831875247	cluster4
daple|S|227|___1	-0.342878834929397	1.2827225666334	-0.141950908632666	0.104445563559513	0.391114329781034	-0.805078695724985	0.370018533317337	-0.197595204218211	2.02344654828169	2.00954637016416	0.89428517355157	-0.907954439311958	-0.51481949658958	-0.985293600783978	-0.90094276419433	-0.109955569386261	-0.911306921018623	-1.25780265049872	cluster4
dbf4b|S|663|___1	-0.432938895946278	0.117073674979951	-0.328644241090242	-0.96915053146077	1.45460076075615	-0.286395384339136	0.20276587754456	0.959130971975339	1.87411603298972	1.85722059266519	-0.663619439453195	0.512234335628265	-0.594190564266401	-0.4900179039254	-0.486469225953836	-1.51119798804119	0.126646013000753	-1.34116408506348	cluster4
dbnla|S|265|___1	0.483686120079057	2.38753433088889	1.42151565536354	1.42102785401815	1.34454838727815	0.186503645585057	-0.724530394041492	-0.562493348856808	-0.576363099555002	-0.781565110165884	-0.269195241522554	-0.566969948080016	-0.165122361171345	-0.481826916295265	-1.11792740528536	-0.372837483692279	-0.681274812322954	-0.944709872223882	cluster4
dbnla|T|317|___1	0.157162022057934	-0.274134099456526	0.998733384353461	1.38128517099196	1.44289074082281	0.78545449878585	-0.722419571074118	0.631153865551839	0.952373560371482	0.825056958888634	0.548774435392537	-0.798707304590152	0.0477582878114839	-0.677419180204105	-1.68916588874921	-1.55374811838986	-0.961989073851131	-1.09305968871289	cluster4
dcps|S|107|___1	1.38522748306814	1.98326362897186	0.743428708598675	0.241700428594444	-0.783828121769404	-0.274977397553932	-0.0486919546881986	-0.464855283095167	0.585902878266234	1.77422222009484	-0.976443290182001	0.321830573175937	0.136172522622778	-0.459047386342033	-1.50297759461083	-0.861038707551094	-0.56032332119846	-1.23956538640178	cluster4
ddi2|S|188|___1	-0.12250392341	0.844497326590212	2.13829634681633	1.95130859257455	0.842961735453215	0.269657138198267	0.656902954135126	0.345173097014805	0.116992084961476	-0.0147092173555486	-0.610634863416938	-1.13634887672892	-0.591812610171034	-0.739601844947031	-1.01064872074117	-1.04622746682635	-0.753886298043376	-1.13941545410361	cluster4
ddx21|S|153|___1	-0.0720403699136703	2.77967176204639	1.88663983528395	1.05143604118008	-0.924195942347135	-0.0701234778327354	0.353918252054636	-0.597214698526157	0.167759854169592	-0.45631015851232	-0.120035772777148	-0.435736623448414	-0.450887824054048	-0.450632408855898	-1.0360021139165	-0.448063524003573	-0.116226167723964	-1.06195666282309	cluster4
ddx43|S|92|___1	0.87276216159387	2.26092522812161	1.19329133448042	1.13289131283118	0.642750520208435	0.572263105904402	0.630532921020868	-0.464323853655203	-0.0756278580375527	-0.122375335635795	-0.144025729777857	-0.347700958294899	-0.882878458952987	-0.408595278188956	-1.38007492673893	-1.21675949527806	-1.05818972505245	-1.2048649645481	cluster4
dgat1|S|19|___1	1.09213884544185	2.21360020556067	1.53433463681376	1.78378080486488	0.591067037827384	-0.691680346455454	-0.506793869473563	-0.413867384633884	-0.598210297590325	-0.0529356332276178	-0.87853057282455	-0.152637878587445	-0.461428439997727	-0.855249004705324	-1.12746001334741	-0.383665850127214	-0.546687675596616	-0.545774563941411	cluster4
dkc1|S|519|___2	1.80780828048432	1.62457445919014	1.03169262309847	1.10795600727467	0.320710382989576	-0.151840088837347	0.304389391237139	-0.326195171979245	-1.08246739310869	0.528596507108872	0.169946764620326	-0.264222184953581	-0.966278641162255	-1.14079078733967	-0.101841730686402	-0.281032941855142	-0.49345349192995	-2.08755198415124	cluster4
dkc1|S|530|___2	1.79687518684743	1.60637981707968	0.99000209926993	1.06928779808784	0.250843663500564	-0.242638586661153	0.233875871545467	0.282064068675628	-0.597395692579983	0.466968305796326	0.0941052894060484	-0.0668632430446679	-1.07488447846723	-1.40829577210415	-0.110972654956758	-0.608952693341664	-0.595585490838467	-2.08481348821485	cluster4
dnli1|S|329|___1	0.774537217407066	2.46597357500659	1.5137247567707	1.29973317921901	1.01736708054238	0.0869984725991346	-0.672043651631915	-0.402307296856942	-0.988423298723045	-0.220708311984226	-0.833316375391324	-0.802715516972849	-0.656277025010634	-0.170137479778386	-0.18179734463602	-0.574962880185367	-0.578845928613847	-1.07679917176033	cluster4
dreb|S|325|___1	1.22467214193859	1.25987826302361	1.04524773149208	1.05449270724491	0.736432062404831	0.162479654317573	0.816458754258921	0.544881452649941	0.607700137847584	0.54426220521947	-0.325663781796689	-1.0381354571066	-1.10685177759173	-0.537892488064875	-1.37368692594544	-1.46162839665871	-0.590480454560386	-1.56216582867308	cluster4
dyhc1|S|2712|___1	1.38406314879189	0.739277852992935	1.46248559590646	1.47595536395953	1.50255317428604	-0.374201577379795	0.817905170076913	-1.15702309924311	0.0159537430706249	-0.299266830561276	-1.19688252862014	-0.523015583244213	-0.102862435373571	-0.0373205511771498	-0.690833292721241	-0.535071747735022	-0.954246439333373	-1.52746996369551	cluster4
e41l3|S|419|___1	2.08014224380101	0.100091642403149	0.20755029904205	1.8010035987222	1.19500384410528	-0.260621844089387	0.388897822364553	-0.871734309087911	0.445431601161631	0.152340316675138	-0.0176164037168868	-0.320399892089842	0.30139641556923	-0.743832664880622	-1.14891689774958	-0.533159623262267	-1.90946221547008	-0.866113933497668	cluster4
e41l3|S|746|___1	1.48585896787516	1.35449842421719	0.845975367213924	1.0715010472861	0.622938771866339	-0.280239980278684	0.657480989531847	0.514260678775507	0.666892863868742	0.601441990043561	0.0469384383710933	-0.51893323558556	-0.567854806392495	-1.43027441047749	-1.41786963981483	-1.08679286755769	-1.25921988789515	-1.30660271104757	cluster4
e41l3|T|486|___1	0.529012457547629	-0.347351052978848	-0.224262947195737	0.309990348507858	-0.3647147239464	0.559413578112764	0.176284191674919	0.714687367077992	0.848391179295984	0.403326266931329	-0.665072176337869	0.377792145407412	-0.0463752287350608	-1.40543003228142	1.01626274708444	1.36414281521307	-0.23413331755065	-3.01196361782741	cluster4
eea1|T|74|___1	1.62647666622319	1.66631645766434	1.05435056355943	1.14385421255777	0.22320713614885	0.0400184741524602	0.806488176790213	-0.0649979287958052	0.493925329463681	0.508602344992949	-0.947291015249173	-0.264642958142515	-1.15066712382346	-0.751094808750232	-0.93673226928663	-0.742507038445227	-1.40507846581514	-1.3002277532447	cluster4
ef1ga|T|270|___1	1.57090178531053	1.48346024165338	1.15542639191951	0.738467279725183	0.363758793745544	0.881664123249032	0.428702887395226	0.573287807897477	0.0166154016574028	-0.37925889406444	0.15858098322905	-0.317787146302726	-0.286561008630059	-0.967141066939462	-0.979161592183949	-1.10853969968873	-1.64045763055207	-1.6919586574209	cluster4
ef2|T|168|___1	1.5870002665806	0.950620803760251	0.608793791334788	1.08088161801168	2.37278549847088	0.618010093552978	-0.865229502336077	-1.0430676877491	-0.759646332136863	-0.833430611494638	-0.813173247064318	0.0277955040252059	-1.17461168375063	-0.215557083644526	-0.169132936445546	-0.124978669523043	-0.558411314227267	-0.688648507364374	cluster4
ei3gb|T|88|___1	0.769715831377813	2.20234852547177	1.50772963651857	1.14995091937126	0.40728671766862	0.340325063412441	0.83998693374355	0.0835799755749089	-0.941853346759003	-0.925243877972181	-0.0256645593322443	-1.14925686152441	-1.04624454018173	-0.770539208159456	-0.579092328557508	-1.29942323981037	-0.407597978743453	-0.15600766209858	cluster4
eif3j|T|108|___1	1.3934035520448	1.21257098800108	0.985194011566843	0.220325720744477	0.34222020217247	0.347788347392709	0.617227131580782	0.421076384131832	0.296126308078002	0.367618877767725	0.0107133875088742	-0.119648421006268	0.141771352345771	-0.744936344525839	-2.86381995094332	-0.323737769134327	-1.1579914389679	-1.1459023387577	cluster4
emal4|S|929|___1	1.72069948144437	1.95976228546326	1.24278121532695	0.887057329003307	0.456162887047407	0.235308970010531	0.157598645263384	0.347976634351825	-0.0586814921047569	-0.213656454052161	-0.0151114170102656	-0.517252433680091	-0.424070966955205	-0.790565616189661	-1.22834947036104	-1.00518250331899	-1.26939205001676	-1.48508504422212	cluster4
emal4|S|929|___2	1.66076491872148	1.80441304641415	0.736492617514658	0.631883716355493	-0.103048831238975	0.319722806439031	0.383222670739376	0.158861070180865	0.391368481601519	0.401947509835785	-2.5105952411565	0.0522039071087732	-0.105695868145904	-0.39575104116139	-0.755584709173015	-0.77353052186813	-0.909371383797025	-0.987303148370188	cluster4
epg5|S|1618|___1	0.738058239284735	-0.687749679251383	1.65488815147616	0.983808002450028	0.759750292586639	-0.106894750159257	1.5528394949675	0.18878857894547	0.870868109393277	0.731493270330417	-0.179312069626275	-0.352510993130914	-0.245893960590281	-0.413940179971981	-1.3274438966061	-1.31294795502647	-1.41294871585035	-1.44085193922122	cluster4
erc6l|S|1067|___1	0.598633367864263	2.44497518451328	1.47593746389876	-0.0609971710869464	1.08210071728317	-1.3573605730278	-0.842817611100891	-0.063583403505546	0.640119238755238	-0.476446643008136	0.207655087306533	0.66194975354138	-0.688218149272289	-0.754164322694982	-1.12485566065164	-0.296346941692693	-0.411850753231872	-1.03472958388982	cluster4
etaa1|S|673|___1	1.25199591856878	1.61618573290588	1.57340023759455	1.369420294463	0.20222541427023	0.277223365319719	0.0237340027296953	0.207501720520455	-0.511078618571547	-0.168161773305692	-1.23434599094914	-0.661329230681695	-0.942318849968631	-0.820891850523364	-2.0029570278356	-0.351958218325501	0.501318158665966	-0.329963284877094	cluster4
exd2|S|263|___1	1.58649948041331	1.56153204152729	1.13887207683947	1.19252181209698	0.851649342951562	-0.377376476669993	0.728005661248983	-1.10137084706754	-1.22294252790239	0.186703509300813	-1.69792696936864	-0.739733542908479	-0.414376006397523	0.371990324722998	-0.865603529046722	-0.0208370574023528	-0.566511527982889	-0.611095764354876	cluster4
f1142|S|218|___1	1.23170374037656	1.922883695816	1.28397841334068	1.45729511551797	0.27703388417526	0.410577066946956	0.219163907697896	0.405279594649718	-0.124316188897228	-0.436898799229708	-0.0647564685113471	-0.537150601720869	-0.312451179671224	-0.757489026157682	-1.20382155965669	-0.896916129297116	-1.46071725186309	-1.41339821351608	cluster4
f263|S|551|___1	0.571686826041982	1.87961425222759	0.579546925417756	1.54299898022017	0.367815634276943	0.852899328427913	-0.303864141740075	0.105972189790322	0.225658652152102	0.888222571901668	0.551041718329303	-0.548789308863848	-1.23396761551751	-0.84922976502301	-1.52248634580912	-1.37826334785236	-0.696168536601182	-1.03268801737865	cluster4
fam21|S|199|___1	1.78526620215515	1.49474438782115	1.53625550967879	1.32356068032176	-0.235105790220837	0.664716669131052	0.473477290255102	-0.765150449499441	0.319961194875545	-0.0358294966212549	-0.600561355179377	-0.341711453737212	-1.14058863861598	-1.28120085570521	-0.609960230806843	-0.868064359005128	-0.733543841310521	-0.986265463536746	cluster4
fancb|S|547|___1	-1.98158726342735	-1.51748246499061	1.55414096684098	1.23797620467904	0.649306429751726	-0.255140701899421	0.533345352018748	-0.0491378449273918	0.612456083777291	0.384122428719968	0.838463821973177	0.479805886339508	0.495048295923752	-0.155042147234655	-1.18797689536721	0.498500015232792	-1.50503911154144	-0.631759055868913	cluster4
fasc|S|50|___1	0.670351195835186	-1.58511797068805	1.19538951026587	0.580729961016459	-0.0968520308986409	0.608927702267864	1.34465572210112	0.397700943086006	0.749002181822276	0.661896934394475	0.0891935682714966	0.949523879395192	-1.0453878515591	-0.653368608367093	-1.76114853558697	-1.78046592860662	0.131145901662395	-0.456176574411871	cluster4
fasc|T|94|___1	1.03177694358067	1.44932439589813	0.886100249330398	0.443054817062474	0.686565714890141	0.451161976251332	1.96400465596122	-0.45894752176957	-0.733368302722149	-0.270714149133894	-0.948777156738632	-0.850786461348139	0.271149472326393	0.563829097688543	-1.57840886467962	-0.692576939253087	-0.928620152731949	-1.28476777461226	cluster4
fos|S|125|___1	0.799507823221842	1.06709845826278	1.64986984640496	0.337323284969437	1.29201803457682	-0.735088246726092	0.221883712151809	-0.0144131418911152	-0.0660033690586724	-0.229125452540764	-1.29219055774036	0.384387852731459	-0.151077300581035	-1.02208002502315	0.0906292990251338	1.07627867353298	-2.02699471765253	-1.38202417366351	cluster4
gemi5|T|789|___1	1.88176221708791	1.18568092319973	0.0709216282200552	1.42683099012583	0.0912995800093391	1.75892842232713	0.183580720394776	-0.763928041321912	-0.97686414551885	0.734826599296282	-0.0498734294464577	-0.623206140975917	-0.775348309980151	-0.967075038234197	-0.474714815714019	-0.581794518305466	-0.890101590933992	-1.2309250502301	cluster4
gfpt1|S|243|___1	1.09526520226815	1.23777495348299	0.900788066080068	1.71381838243478	1.05552519071165	0.521353369540824	-0.411722801992587	-1.51200552677411	0.170030160110841	-0.451769358311801	-0.703131128946645	-0.226718341338701	1.02215390091508	-0.711791381423415	-0.80112097923945	-0.268972673882137	-1.01755696836901	-1.61192006526653	cluster4
gidrp|S|590|___1	-0.111933664675074	1.58004392603437	0.181936709232015	0.653465161523127	0.170255189755416	-0.615721505771677	1.5956936261748	0.956556804475461	0.906711138420597	0.813725181663012	0.0221781497685118	-0.754859834997247	-0.432455880264236	-0.593046086438885	-0.213535014950739	-0.467483608137995	-1.3506193753996	-2.34091091641187	cluster4
glna|S|412|___1	1.82637939387968	1.86024056224617	1.3087412460173	0.968200935062453	0.00646387787757887	-1.18584671477682	0.461994352392669	0.0889457350190247	-0.0270866527609602	-0.765496395221779	-0.0494175461727239	-0.107431805502369	-0.158230812272883	-0.541117178910008	-1.80495900952319	-0.0160779754587936	-0.863210018587345	-1.00209199330801	cluster4
gt253|S|474|___1	1.51150218547889	0.456435372031621	0.915789552074057	0.833629074111922	2.80229252604795	0.438879912401351	-0.766471744086848	-0.275501520553085	-0.774625308789752	-0.686049126469587	-0.737142901462853	-0.411143024023021	-0.359649979583532	-0.505260024996351	-1.12700814930033	-0.837897092856075	-0.311220669354558	-0.166559080669784	cluster4
gys1|S|645|___1	1.32967896984435	1.60266639910483	1.67699650461546	0.611485147991624	1.14292469913603	-0.45786235327612	0.0965182786407383	0.169210550902629	-0.705488772723094	-0.837451819238067	0.524869518752945	0.295527333203315	-0.366892994041962	-0.266572769401011	-1.47976635298797	-1.39450903081823	-1.23242303543221	-0.708910274273261	cluster4
h33;cenpa|S|133;67|___1	-2.65911741169681	0.531597245344241	1.34331285702978	1.64673662417334	1.01753394213931	-0.0407145472356049	0.450023277080517	-0.785773764210947	-0.976075208832296	-0.374819228111964	0.461457716153538	0.0393209948287696	-0.279215416770648	0.547090806724066	-0.413376738540156	0.67988064158998	-0.240606256295	-0.94725553337011	cluster4
hap28|T|18|___1	1.54842871789432	1.9505026189364	0.151226231790838	0.866130580029897	1.06617652131345	0.528036695398847	-0.356785930874602	-0.454782746385651	0.288222634436561	-0.909394191914772	1.12864708000609	-0.192920855348892	-1.32592497789689	-1.1204361032415	-1.40344317826916	-0.481048789594551	-0.549244200262979	-0.733390106017407	cluster4
hd|S|110|___1	-0.848677731537176	1.4475725129948	1.21600135266468	1.31698765376035	2.05946845070198	-0.141033466081557	0.380336148207858	-0.972006075523756	-0.504456708143693	-1.19695897157136	0.558619347406458	0.130250098787602	0.0248655546884337	-0.756463145193018	-1.34150056216497	-0.067457403497703	-1.08575644153803	-0.219790613960902	cluster4
hibn|S|125|___1	1.81895163921446	1.18049092185833	1.58321657338165	1.0244005871079	0.80903946197261	0.36646556172286	-0.0210480173099123	0.163006219382577	0.0986661934539228	-0.102224474156438	0.220260322245871	-0.573895131943006	-0.711507243051742	-1.01245854234212	-1.08969425509459	-0.979532202992477	-1.35688333213774	-1.41725428131215	cluster4
hibn|S|310|___1	0.986261179539848	0.906549913372276	0.957884127944148	-0.00333545808228357	0.714753748468305	0.740308266949485	0.637288225729892	0.813352142510258	0.116955256537764	-0.233428903222486	0.694680530131002	0.56244631116177	0.0189806134894463	-1.22926654098468	-0.309952477027421	-1.58799168304366	-1.89466306871084	-1.89082218476283	cluster4
hibn|T|225|___1	0.782961436365992	0.194547842425438	0.544288999583793	0.396372682158451	0.515370175164409	0.69115052733361	0.826266220888755	0.644302350088675	0.33835664491732	0.00742837977043635	-0.0121236638369166	0.55942628244099	-3.5688507662534	-0.289266389770473	-0.537579273566664	-0.0900380245595998	-0.560012370744757	-0.442601052406055	cluster4
hirp3|S|66|___1	0.865533527946361	1.40045656098101	1.29846943576129	1.74230089467564	0.394982684403188	0.68475712634617	0.205649604373921	-1.48364650628856	0.194223412191682	0.0784955984981541	-0.281632820718075	-0.277942702990308	0.0977460485901886	-0.601959413908917	-0.667252836016817	-0.458971198347882	-2.03114053038541	-1.16006888511164	cluster4
ical|S|739|___1	1.39226380778808	1.02646154718977	0.47900022951863	0.97917280780064	0.114968479268532	1.39831550528311	-0.677263934071361	0.581445518450816	0.495161333627946	-0.721681578176256	0.428083300794241	0.14269039066843	0.701899359843854	-0.717253469502326	-1.45039643443604	-1.13906020635077	-1.71009843367528	-1.32370822402201	cluster4
if23b|T|160|___1	1.71646237198369	0.845127690969215	0.818730914701684	0.933120034978979	0.51766201655037	0.568129266150721	1.25640932719452	-0.478391071843856	-0.0967495498270392	0.307367753394798	-0.31783414173721	-0.550108580573112	0.177718601195208	-1.05054318414939	-0.112229567169796	-0.821029962836828	-2.15240420618482	-1.56143771279714	cluster4
if4b|S|560|___1	1.6764229237145	1.83420124854604	1.42086228123519	1.21032671650099	0.593348246045695	-0.196451694145562	0.669089923200579	-0.111547966025088	0.191128737017726	-0.823477311326019	-0.617569419108233	-0.893599881106331	-1.08518379904884	-1.28893162407886	-0.832444842352638	-0.759145463730193	-0.514573625689004	-0.472454449649947	cluster4
if4b|T|443|___1	1.67637874170769	0.449513535953676	-1.2236079891604	1.71116931119148	-0.354255518158351	-0.562817409262635	0.653733175683483	-0.0155994163171175	1.56452700425837	0.650898230606951	0.849401541757203	-1.0610119707903	0.0757140988968513	-0.761193484753984	-1.07465884409593	-0.855112984736804	-0.956682567223644	-0.766395455556546	cluster4
if4g1|S|1213|___1	1.46492081297224	1.93421925706004	1.14126813054484	1.35482465495927	0.200076329641754	0.538409817549125	0.90991652904381	0.37755632214434	-0.421515181679966	-0.425725831475212	-0.920507026770024	-0.871356710743799	-0.808817517768276	-1.03226488476984	-0.947683084216782	-0.721692960172938	-0.905811083673849	-0.865817572644733	cluster4
if4g1|S|334|___1	-0.232304498176568	2.37467419719665	0.765103874562325	1.19110680513617	-0.292927450607149	-0.249477834360475	0.613093648741324	-0.966024476351062	0.963620500786607	0.226744169815646	-1.17924104386608	-1.08503889663084	-0.552034724440001	-0.162933652370546	-1.89220548293394	0.499320883967704	-0.272009357274047	0.25053333680429	cluster4
ift43|S|154|___1	0.937946158794543	1.27247576197032	-0.371723729558112	-1.10731271994982	1.54670245293182	-1.21514019071396	1.07027391799795	-0.0109884493544715	1.65401877345314	0.538959989157662	0.387681018428824	0.334817554809585	-0.713462342471568	-0.607382775399162	-0.600164408032107	-0.827359026569751	-0.763606725012732	-1.52573526048216	cluster4
iqga1|S|7|___1	1.359790439243	1.44104132626486	0.903743673553955	1.33714825896492	0.738662599200831	-0.368700557220816	0.739990147438846	0.681017359954371	0.0761876946788932	-0.185101688218541	0.507240612177635	-1.4582366889864	-0.664477688809909	-0.815963819020426	-1.57417989762379	-1.34233313500099	-0.589872700326512	-0.785955936269912	cluster4
itpr1|T|931|___1	1.49844642810779	1.74155517472856	1.2456317250973	1.30481932853657	0.890539740518183	-0.678530676091553	0.783818293051133	0.0127392767384596	0.262790873340492	-0.325934837317533	-0.318574260513514	-0.781867172847844	-0.644809030507316	-0.544064286801951	-1.00776470717934	-0.978538039563839	-1.22513074979305	-1.23512707950255	cluster4
itpr2|S|171|___1	0.700392075193129	1.16080156096079	1.03395975555839	1.33805485191598	0.912011478490821	0.477834006989293	0.112649074954448	0.191269055705946	0.677865560814827	-0.0849710649704703	0.00670867925795083	0.139351372455421	-0.29608483308157	-0.984968971991606	-0.711628759398384	-2.66151593563419	-1.13916868754812	-0.872559219672655	cluster4
k0020|S|642|___1	-0.173822413362832	-0.111377368450357	-0.00873273627125213	1.25139196188336	0.344012193040523	1.0513282467903	1.27882606905207	2.09971203760011	-0.131999092850638	-0.185409457833597	-0.654341408019462	-1.10658788733983	0.266770667115773	-1.83279916483294	-0.454598863232945	-1.65515189044651	-0.133927244897225	0.156706352055455	cluster4
k0664|S|12|___2	1.41615393482018	1.64857708834375	1.39679329815455	1.74115504260141	0.50707741574757	-0.953691935390664	0.391027887358208	0.224425778328359	0.26484601209526	-0.501504243851993	-0.38865647138498	-0.259329128794748	-0.777965592663667	-0.550583029168968	-1.06580280751296	-0.713736045145774	-1.21313298136628	-1.16565422216925	cluster4
k0664|T|19|___2	1.41615393482018	1.64857708834375	1.39679329815455	1.74115504260141	0.50707741574757	-0.953691935390664	0.391027887358208	0.224425778328359	0.26484601209526	-0.501504243851993	-0.38865647138498	-0.259329128794748	-0.777965592663667	-0.550583029168968	-1.06580280751296	-0.713736045145774	-1.21313298136628	-1.16565422216925	cluster4
k118b|S|430|___1	0.289223741898693	1.86393230785886	0.72811167249785	1.15558340592212	0.179312210906901	0.147137725956376	-1.05850960169096	0.785938918533313	0.951364492097788	0.725866625055656	-0.438468829260962	-0.0288860233461674	-1.81542657894388	-0.568239434742807	-1.5931873755082	-1.41325724970287	0.0708104315215202	0.0186935609467793	cluster4
k2c8|S|300|___1	1.75723918708375	1.60304729600256	0.908834828399592	0.19177625616303	-0.565989178060119	0.0755242333180116	0.511424141317888	0.648773394061923	0.444939644716776	0.0514248280531342	0.765002694067124	0.11965216468141	-1.08649721383427	-0.73376806993455	-2.06956814544224	-0.798949210440844	-0.481797279823832	-1.34106957032935	cluster4
kcc2b|S|386|___1	0.0912672008012752	0.393030473078746	0.91812077779063	0.361765580168918	0.0338496254560999	1.12411962925447	0.179823576183875	-0.14851441765989	1.36929417616623	0.223765753744683	1.55254279471299	0.664646643634861	0.0548372807498375	-1.31445170575718	-1.88337391569491	-1.08986398526424	-1.48757318371487	-1.04328630365153	cluster4
kdm1a|T|86|___2	-0.59171846218703	-0.780679507137411	0.48837691310458	-0.342763925187959	-0.399595960845545	0.554586980603895	1.62183342784184	1.04789175023543	0.502513626272296	2.6280778328881	-0.401683989761695	-0.593590974845718	0.337930131552831	-1.24845090077314	-0.971768042883427	-0.488287546626322	-0.555417034074953	-0.80725431817577	cluster4
kdm5b|S|1382|___1	0.928552120730157	1.34279177114145	1.42051943758612	-0.62710257493302	1.07188597169175	-0.273757652270062	-0.808937664920074	-0.685489927203286	1.10167059552325	0.451034003227061	-0.128828404894309	1.13850847518519	0.182341803429653	0.0557751703636162	-1.13184925559985	-1.52370585056155	-1.41125021550495	-1.10215780299115	cluster4
kprb|S|215|___1	0.500644846051124	1.16611794938953	0.153383128667458	0.624599272976436	0.681557353348034	0.0945105754624396	0.792584705245097	0.279203033478134	1.32180259923506	1.34996964758275	0.568461153165294	-0.639271087583645	-0.574436032257188	-1.32049028349434	-1.06866374142829	-1.75765914964747	-1.73048862513061	-0.441825345059809	cluster4
ks6a3|S|366|___2	0.552060695680164	1.17209087459473	1.01602324160281	1.6901810882656	1.20282403659791	0.165511053170365	0.934205843025315	0.112986426563616	0.287452845266901	0.506463116041117	-1.05736739044012	-0.670257958102523	-0.699525783247149	-0.203972423999449	-1.17505636156365	-0.846808876781373	-1.29716179981721	-1.68964862685705	cluster4
ks6a3|T|362|___2	0.552060695680164	1.17209087459473	1.01602324160281	1.6901810882656	1.20282403659791	0.165511053170365	0.934205843025315	0.112986426563616	0.287452845266901	0.506463116041117	-1.05736739044012	-0.670257958102523	-0.699525783247149	-0.203972423999449	-1.17505636156365	-0.846808876781373	-1.29716179981721	-1.68964862685705	cluster4
ktn1|S|200|___1	2.00087612922576	1.80996268875619	1.26553938162979	1.71067030922166	0.334146944323034	-0.29968558015795	-0.285615639738121	0.125610283664076	-0.908761197085167	-0.830477326515287	-0.712646768637686	-0.310505575143698	-0.585260720949653	-0.817945484265746	-0.784150238006683	-0.861786304116617	-0.572550736899199	-0.277420165304698	cluster4
lar1b|T|538|___1	-0.220443452578488	0.62211639963383	0.621401515791079	0.697314496858109	0.674270228161132	0.826759433989142	0.95510905876596	0.871506666119684	1.05044373721813	1.02443861655176	0.486038143440827	-0.797922692257881	-0.935084985813091	-0.474518048491264	-1.60747440700698	-0.682110768118718	-2.21381743019701	-0.898026512066209	cluster4
larp7|S|301|___1	1.6093730836644	1.97239986116455	1.08285151503184	1.41066778695301	0.935197003044551	-0.75786915324237	0.241077922941795	-0.57809422147915	-0.0854636385473652	0.109292707531913	-0.898370404530377	-0.886015065351561	0.00246340040300239	-0.267727128087382	-0.805827089347535	-0.979193465555271	-0.983390409754548	-1.1213727048395	cluster4
lima1|S|237|___1	-1.22828968033555	-1.13304550981031	0.141942602641906	2.16007704536424	1.94755878501705	0.907068593213146	-0.173176221076592	0.364095473239765	0.257040683546408	-0.143944909499712	-0.437750385546651	0.158337215428926	-0.401515891900572	-0.811374410567039	-1.53258378995036	0.233419163165188	-0.918586808411933	0.6107280454821	cluster4
lima1|S|439|___1	1.44748891060599	0.560854270186498	0.622454480762275	0.996433687263136	0.578173943901024	0.788002445386918	0.469672966725437	1.26755838800579	-0.0146877241289516	0.237563581488759	-0.593107420005228	0.214617239006171	-0.0172307151244145	-1.70876777100389	-1.59061768582845	-0.31532716938064	-1.68639578322889	-1.25668564463153	cluster4
lrba|S|1570|___1	0.48213615990164	1.08869245742544	1.53114837008674	1.1703193010255	0.435152331764759	-0.018716087122893	-0.00818597864180327	0.444116570430649	0.963086015854323	-0.00701284583953077	0.00332599042220947	0.0756570619237492	0.661446420671877	-0.803730853473062	-1.4068646722982	-1.05960055169652	-1.94532081141289	-1.60564887902199	cluster4
lrc40|T|62|___1	1.33944143622659	1.58295995810669	1.41396911329554	1.70813384747786	0.0030238575054882	0.223193835178773	-0.180154566557867	-0.968662870590834	-1.50364913048971	0.424186062827196	0.544888456591793	-0.0900382863509659	-0.541672699528747	-0.404312870191567	-1.23035493632778	-0.511255436776767	-0.633666561669444	-1.17602920872626	cluster4
map4|S|349|___2	0.851311701961994	0.0533641788904725	1.87525755653192	1.89271175919634	-0.410309223153021	-0.491477614628377	0.298714933850746	0.222580582711006	-0.79234333079162	1.22393158985136	0.343096489322819	-1.16044627228443	-0.419272804282151	0.364075910081695	-0.607361433467086	-1.39610475523304	-0.331733317104439	-1.5159959514542	cluster4
map4|S|787|___1	-0.898607636141575	-0.777712277115971	1.91303828735619	1.30727749549529	0.757426990475707	-0.872638258323354	-0.520389706211974	0.557096499510956	0.422443179872448	0.495297584880807	-0.690563366280713	-0.820809757449051	-0.941136319024388	-0.999105649081028	-0.756073287856628	1.20976132406107	-0.837247381358144	1.45194227719035	cluster4
map4|T|368|___2	1.57283775448096	1.38480132307818	1.37812568784458	1.39348875320081	0.0571855660386449	-0.265993069945516	0.986607613034844	-0.147037783803527	-0.584177612992672	0.804833192810164	-0.181375050430685	-0.683706673158292	-0.832975023391674	-0.403532309133981	-0.947293462741619	-1.38454810801831	-0.732511247918201	-1.4147295489537	cluster4
marcs|S|113|___1	1.86905586336893	0.0424888165537811	2.58922935544823	1.31727103490204	-0.312108334732452	0.590713894177164	0.356135895232519	-0.568647821635293	-0.545072319977694	-0.204171727203419	-0.899481847780962	-0.452191226102204	-0.350273401557305	-0.455682224420517	-0.625488316523148	-1.14210211599897	-0.433077579840204	-0.776597943910497	cluster4
marcs|S|152|___1	1.03279837151269	0.587250143583835	1.24966644861727	0.928909688248927	0.704688677517679	0.630576080997	0.818237832630629	0.791965788205663	-0.197758044909516	0.196439593774638	-0.0527325138416938	0.128928742254566	0.193601277188831	-1.31563644098681	-1.67512205389083	-0.657206974404689	-2.00577318591975	-1.35883343057844	cluster4
mast2|S|633|___1	0.0989820967407326	-0.350733496768685	0.898002370253398	2.47075042157906	2.3278370885035	-0.842413236747723	0.165693411746267	-0.317601667178962	0.00800133582082156	-0.29774370520046	-0.519233078396863	-0.338355046751307	-0.638750542658094	0.273533484652674	-0.651823709972529	-1.04402081109054	-1.09931234910295	-0.142812565428334	cluster4
mcm3|S|697|___1	0.460175246508944	1.76569542740416	0.746687290587126	1.92339468926148	1.60928443940904	0.091277270155015	-0.323807306873766	-0.64469886641895	-0.458281893817621	-0.163137782671593	-0.117566446647262	-0.206049344102258	-1.54456016670961	0.363702350997557	-1.31332652123432	-0.418437469974838	-0.79269296966199	-0.977657946211121	cluster4
md1l1|T|424|___1	1.16846532032944	1.15413009699055	1.07172538170216	0.703435491929862	0.494640063306275	0.846420320129433	0.506362028033616	0.296506325155045	0.685605905304135	0.834629182110738	-0.248739067483045	-0.205169239985645	-0.889424856570329	-1.28169277964734	-0.610717216804786	-0.971513759032648	-1.8632720664902	-1.69139112897727	cluster4
mib2|S|873|___1	-0.390148096741747	-0.697039479601026	-0.172270451461607	-1.10243458176204	0.529415879045386	-0.0357743553941597	1.01049986556008	0.965939010674324	1.69666350602136	2.18017617867134	-0.611214282997264	0.993335226041013	-0.423324885537726	-0.974061154245021	-0.518004015176912	-0.272653788977093	-0.94102034214365	-1.23808423197525	cluster4
mier2|S|204|___1	0.697945109217518	2.32155188215935	1.49554716547269	1.55360149462863	0.542611950483114	0.315781396264289	-0.110106933090998	-0.152151088052701	-0.335183076391263	-0.714242522695174	-0.610105760723309	-0.718626915327282	-1.70754807605339	-0.35038508928417	-0.655934594256162	-0.603236435456481	-0.145827042459516	-0.823691464435136	cluster4
msh6|S|29|___2	0.777096965986839	2.79178337923813	1.42281828284872	1.05375127433526	-0.0771773791186214	-0.153333754402029	0.390406622921367	0.145965877315704	0.0431581116863669	-0.559738468037268	-0.784700868787595	-1.1362623717287	-0.769074897102014	-1.03058892925753	-0.335438780615307	-0.975709114745559	-0.42947415452178	-0.373481796015978	cluster4
mtus1|S|559|___1	0.758507952035768	2.20499460136568	1.04985172327635	1.91728502771137	1.1358983353439	0.208493263446959	-0.630681059079949	-0.913957642997836	-0.402092357448403	-0.736935159624452	-1.12245133945402	-0.825991579312553	0.0819857345165512	-0.370608817605508	-0.656803613690292	-0.561677871025612	-0.699790395431935	-0.436026802026029	cluster4
my18a|S|1636|___1	0.710984108880318	0.436334188778463	1.10653362017538	-2.3498791559467	0.538209717053905	0.923394860435396	0.848970872200261	-0.0307304337562344	0.353320564303852	-0.783086959456329	1.52970916861891	0.426563702064249	-0.337128188562371	-0.0516849784145651	-1.81228834466001	-0.138010254663945	-0.877751883796719	-0.493460603253865	cluster4
mypt1|S|1026|___1	0.521069558638557	-0.0855487511536347	-0.334367875860132	0.269293610679248	0.350131001274131	0.624697072869074	-1.66405710739606	1.29871737763359	-1.51295636142091	1.2888547603964	0.0678523990517089	-0.956994622949295	2.12657961902965	-1.11188134688238	-0.800180753085685	-0.386279709068102	0.379442275845084	-0.0743711476012503	cluster4
naa30|S|133|___1	0.58453867805435	0.626486692920116	0.605706669687541	1.44340020886738	1.18753255858852	0.35085601930987	1.57631262876202	-0.880989658627557	-0.0597617533675757	-0.496427875297328	0.39434419058164	0.497345256676034	0.187266257925045	-0.809763052099444	-1.32638404135479	-0.546261415857329	-1.8424635763239	-1.49173778844459	cluster4
nbp1a|S|22|___1	1.83077100327861	1.79739519806684	0.341161467290843	-0.369333334137064	-0.0290916807093551	1.01669377167205	0.947808344670882	0.665630396985785	0.162681982956434	0.131558942671238	0.0206818479839093	-0.0364201640420906	-1.14907902597165	-1.10031468164016	-1.77427610103226	-0.723235989250197	-0.724545718081625	-1.00808626071218	cluster4
neb1|S|295|___2	1.23571613244722	1.83171707172435	1.04814712538878	1.2023243522049	0.296465498679992	-0.793207775653836	0.887908555843783	-0.354780712407067	0.418895358389565	0.417282447028761	-0.246728303753351	-0.0536167578966484	-0.0605911339977418	-1.85483857235459	-0.785906967907063	-1.04017776216795	-0.878119735889492	-1.27048881967961	cluster4
neb1|S|306|___2	1.15910755697059	1.97395559675519	1.14734909627482	1.30999430556118	0.0882622199355986	-0.4792705698556	0.978309632940368	-0.734377720637686	0.354212735229564	0.260915094563784	-0.0520217816458291	-0.116239299031985	-0.607296895264233	-0.69585571565797	-0.568203651236019	-1.71147943496197	-1.06196865449903	-1.24539251544076	cluster4
nolc1|S|647|___1	2.1147462345546	1.03695843665715	0.989150130760531	0.539168188390753	-0.437733058874701	0.23579322594499	0.0719830288210185	0.9430724173207	-0.360165236920674	0.561853483941038	0.57714672201466	0.119811431775342	-0.472100793033473	-0.751099316991929	-0.836546737976932	-0.932897270527867	-1.93894618463052	-1.46019470122469	cluster4
np1l4|S|34|___1	1.88398635409491	1.9131538657489	1.13700550949334	1.062613290665	0.809534502557474	-0.427313962473445	0.0570092228413299	-0.622885172086544	-1.08440524212836	0.0467710563117977	0.192796628709576	0.0130982602863502	-0.661971028561378	-0.922788206117584	-1.04799382625754	-0.283813741701091	-0.630163697362913	-1.43463381401983	cluster4
npm|T|385|___1	1.74011071962141	1.39141559503033	1.32269556348411	1.19890846830597	0.421056630171905	0.544423048499619	1.15346430729405	0.139322001035072	-0.38926128719791	-0.918307559675093	-0.714048575862229	-0.687029593054579	-1.31426579395242	-0.511564210425934	-0.8321933504894	-1.10741156164116	-0.486306785842734	-0.951007615301014	cluster4
nsf1c|S|176|___1	0.0516813061859626	1.3476834017401	1.11944831396924	1.28277942936405	-0.306697646872122	0.870437811663843	1.12129683236567	0.401638669329239	0.59439307018974	0.248457824541264	0.0328838022852137	-0.135590013899298	-0.229905160643665	-0.765434482462594	-0.582994804469061	-1.46476661082641	-1.67832256132793	-1.90698918113326	cluster4
nsf1c|S|272|___1	2.07541299072638	1.78221539847671	0.998090201373573	0.465639727302775	0.103643872467012	0.75920556175429	0.42591296662946	0.321532927521032	-0.0755870642251028	-0.145694272229862	0.0254886297879483	-0.313056142513559	-0.707545946150861	-0.749142626086614	-1.3760879918128	-1.00679863078846	-1.28124290074762	-1.30198670148429	cluster4
ntkl|S|739|___1	0.597528339060933	1.89640442410496	1.33929195432753	1.26703834219152	0.507043011873807	0.0626491849828831	1.01624252342033	0.145487652568211	-0.185113101378287	0.323487815548359	0.218775923902776	-0.419663405678191	-1.27140675256458	-0.610863762862959	-1.23803193801657	-1.24453068053881	-1.26566317985512	-1.13867635108678	cluster4
nu214|T|1011|___1	0.672683288396019	1.63165537408722	1.27472948183807	0.992367813449131	0.834007265708656	0.0383989335348233	-0.0572266961058346	0.439139260474662	0.44218830196559	0.262400120623105	0.412737275257841	-0.356742395263105	-0.365242676011505	-0.556530082791232	-2.3623743353034	-1.09388624328	-1.3882950509924	-0.820009635587638	cluster4
pace1|S|419|___1	1.26216809349898	1.18982569413709	1.42203730408198	0.881131205370941	0.948804529332724	-1.67982089179991	-0.595507546489265	-0.980101902425697	0.500561421949197	0.554167521262086	0.534781140268911	0.173861042179996	0.386382304365953	-1.33040922585122	-1.49592833453828	-0.571754940002101	-0.403499022922763	-0.796698392418612	cluster4
padi2|S|166|___1	0.908624937046042	1.2558874053293	0.938068077570867	1.97900956712826	1.85545105581914	0.150074471780512	-0.21533772528621	-0.852342980931922	-0.826253485445641	-0.839458818851746	-0.147454591807537	-0.711940107040434	-1.52782320540396	0.191200220880538	-0.637402399872818	-0.467122479512641	-0.74653212639987	-0.306647815001882	cluster4
paf|S|123|___1	-2.26018755413444	1.68601177585959	1.39803087159814	1.27708648968627	0.875331315537257	-0.0289549687485855	0.343484186180171	0.2743353926887	0.329744444047008	0.306359142233629	0.0936064762947074	-0.259288668156906	-0.0509053576534681	-0.364159901041419	-0.83521593943732	-1.16821168501136	-0.208677887637657	-1.40838813230431	cluster4
paf|S|38|___2	1.00107839705575	2.37198569904331	1.42901872851945	2.04937042834364	-0.280950404792361	-0.315390028072005	-0.986822832629013	-0.225195238095565	-0.164301929826868	-0.67502965713844	-0.416768290054503	-0.452148900335316	-0.572665030803686	-0.686061787967071	-0.37141319547352	-0.791147190943662	-0.664142527987446	-0.249416238842674	cluster4
pak2|S|148|___1	2.18259818087868	1.98175601686801	1.04037189048849	0.650604146482932	0.0904402471840509	0.330059924577549	0.278612255105503	0.206076250711925	0.00858114796522871	-0.337095457401641	-0.152214376602084	-0.498587967832218	-0.622341709979427	-0.557274059698847	-1.23692220766234	-0.849094080152502	-1.0737689643648	-1.44180123656851	cluster4
pb1|S|65|___1	-1.28013301717554	-0.591161766521663	0.746604336712359	2.05451260694797	1.25431024001569	0.991752091197578	0.257405379553162	0.220807666332517	1.19663334789692	-0.61284642647909	-1.05924722201772	-0.571268462058578	0.147031326275306	-0.870302242701051	-0.635932459738187	-0.959307704843156	-1.1836972898978	0.894839596501295	cluster4
pcm1|S|1601|___1	1.8249054142334	1.85210294762919	1.51701082633732	1.39376001525698	0.635084165433678	0.266947263541559	-0.0619406263280039	-0.59981591463581	-0.707068208402068	-1.00659042276835	-0.737259616847661	-0.950935240502059	-0.320463374798994	-0.468701940908024	-0.790519208982123	-0.39814247088707	-0.868458895288637	-0.579914712083325	cluster4
pcm1|S|63|___1	-1.20445003038786	-0.529288784293597	1.47681734126196	1.31697386395015	1.56488186752136	0.695118731398206	-2.39978275828346	0.380995109617952	0.233614203253671	-0.662263639220703	0.296357817617863	0.248995004426971	0.497998895972361	-0.26992004493271	-0.990265496421197	0.164481108670992	-0.733885712106881	-0.0863774780450855	cluster4
pdcd4|S|38|___1	0.371992218852831	-1.28266445464591	0.564067281556275	0.55674796171415	-0.404687138145855	0.70437254684398	0.420930771373491	0.664091738793871	0.518237882894698	0.305074027333354	0.490749051450784	0.593893293445337	-0.532239752868999	-3.22546017205208	0.537225389453446	0.561632907856585	0.172956740578954	-1.01692029443491	cluster4
pex16|S|194|___1	2.19759736241797	1.91905767514872	1.16894401889269	0.797352364152912	-0.282454415320309	0.203319437072133	0.296928836533916	-0.0289878040900515	0.2312005866154	-0.343451401145325	-0.642543414008177	-0.193948508706218	-0.17520633149052	-0.965011399114168	-0.57090120863223	-1.21076452251527	-1.10829775542265	-1.29283352038883	cluster4
pihd1|S|172|___1	1.59029890081736	1.74041703371036	1.15336249984267	1.38109797891691	0.125806241281647	0.1195776300544	0.795707276277886	0.0726093933291807	-0.0735886358201607	0.013820476904233	-0.535160426350546	-0.412793885837133	-0.423256263050383	-1.05611691873088	-0.686322564999613	-0.758196840235569	-1.31157100703928	-1.73569088907108	cluster4
plin2|S|2|___1	1.98388857925061	-0.358419295660122	1.43386723558356	-0.592195958312792	1.66068482196269	-0.785040388684451	0.162298410122372	-0.302422903826181	0.33371215129025	-0.247334269728174	0.407571727092519	-0.44924773382983	0.231879422435987	-0.405589780166522	0.746929442851388	-0.614433003940424	-1.28431519129372	-1.92183326514716	cluster4
pof1b|S|61|___2	-0.0146629137964751	2.66038530194027	2.11572941165774	0.796537163830196	-0.510653263607862	0.206566248774214	-0.181064771130789	-0.619771761932965	0.0124834130438143	-1.01870285500492	-0.147271748891478	0.199020767646005	-0.309065567604319	-1.07794335053692	-0.463356943867892	-0.442675725369874	-1.14911947888327	-0.0564339262654804	cluster4
pp1a|T|316|___1	0.839658377420461	1.40707785790459	0.217265697956583	-0.269354546972655	0.141698345604427	-0.176874786956192	1.05501570858463	0.85526629689974	1.33556132953179	1.34798062531107	0.578537342920907	-0.958235169949714	-1.09526369292434	-0.684936861236024	-1.33106935774064	-1.26828675169456	-1.44902422429995	-0.545016190360108	cluster4
pp1b|S|176|___1	0.528633634413011	0.706477355140619	0.439748274763219	1.41630725827491	0.452069608101101	0.491842179813063	0.755442812468219	0.0344834900690485	1.37006409576345	0.994461832175665	-1.14081624245868	-0.540111708147407	-0.25153392749656	-1.10334122827354	-0.672942672781842	-0.358657729855062	-2.51206391207822	-0.610063119890987	cluster4
pr40a|T|325|___1	0.843157062938685	0.859106863268733	1.07625997919849	0.210130815780064	0.818334397070714	1.1673539478952	0.0106786438867396	0.429627798514077	-0.373046819754487	-0.290032404246169	1.27620054360915	-0.712526595703718	0.576421491626641	-0.854085266744601	-2.55888344825324	-0.551250106086008	-0.9440319052407	-0.983414997759572	cluster4
psmd4|S|375|___1	-0.355179947734383	2.38764679202398	1.56114898349789	1.56005864275921	0.91989503998412	0.0460293068385946	0.50207558983794	0.314648641651792	-0.382700816978312	-0.801101041000984	-0.748802326225237	-0.823198215515163	-0.566902913844561	-0.962104095377853	-0.717893805543495	-0.845572116988322	-0.486067950120595	-0.601979767264625	cluster4
pur9|S|559|___1	0.0386868705508241	0.260401113168204	0.490414066502443	0.433022532964956	0.240214666933684	0.507410212796384	0.261717777748779	0.610231593443404	0.441923465927354	0.41544433448237	0.538097396279257	0.643494702318619	0.582563015921629	0.349095498054155	-2.57756199082951	-0.85610215028486	0.225955281026224	-2.60500838700392	cluster4
r3hc1|S|342|___1	1.67711270909947	-0.275467437430669	-0.0378254873692094	0.152150987004177	-0.520321500682106	1.88904125500394	0.400920179605726	0.341052372918528	-0.0330874076154569	-0.0351281530541245	-0.496912070167413	0.909687104967504	0.463235403838594	-1.6757595233888	0.698972655831343	-0.29544161079765	-1.96538726663686	-1.196842211127	cluster4
r3hd1|S|300|___1	-0.256029197166608	2.1944727222173	1.18011207385666	1.10231848741881	1.23061524661286	0.459186300342597	0.0970525158515013	0.655923562832365	-0.556209890675362	-0.218019546578484	-0.184761778693969	0.160266093103727	-1.40447318806189	-1.51965767492474	-1.25661862867728	-0.841045953898708	-0.474172081046406	-0.368959062512374	cluster4
rab4b|S|193|___1	2.07339339903724	1.18128207542464	1.17224876094078	1.28639546603596	0.50308970695701	0.351347913442517	0.767536343416057	-0.443437540552805	-0.302454771314319	0.0862568269725902	-1.29235559002016	-0.452760486814469	-0.327580892314831	-0.896905143907072	-0.309316620501703	-0.700697475319728	-1.40934554038395	-1.28669643109776	cluster4
rab8b|S|189|___1	1.62161589012403	1.60708818130104	1.47587027445682	1.31203607146721	0.454724404831438	0.512837864197691	0.0672085167362545	0.0969435296854981	-0.169995493075115	-1.05790557162822	-0.384702726909239	-0.307355392306675	-0.110653329158263	-1.15019737177756	-0.728714749354716	-0.611947482063969	-1.71523421302948	-0.911618403496754	cluster4
rabe2|S|201|___1	1.64067345343016	1.01324520678139	1.57484848131888	-0.501067482613915	0.478272256863245	1.00217067833036	0.136678160050835	1.24484415367842	-0.711360493588649	-0.787389605345976	0.342073936472204	0.0787502835203389	-0.100753422822416	-1.03363970493696	-1.45033450332639	-1.39415893698714	-0.450880800693991	-1.0819716601304	cluster4
raph1|S|194|___1	1.44581403337328	1.73340608739133	0.97895363683438	1.02549538304883	-0.326358723989142	0.405390125318401	0.221630557476105	0.721825525437936	0.0257450595210163	-0.104390100164156	0.295810036036347	-0.00867710208428476	-0.237718231852402	-0.703975821513455	-1.57884872915417	-0.611420259418596	-1.91346477568737	-1.36921670057404	cluster4
raph1|T|192|___1	1.17429691278444	1.35787283139222	0.734480876964073	1.02460517154398	0.11073792975095	0.573685393911058	0.00675046479895475	1.24005959190834	-1.50630234522215	0.474596451127937	0.759092491761499	0.127003270598831	-0.687261992768789	-1.45553132079145	-1.57221561687161	-1.20305685480346	-0.722037188706202	-0.436776067378619	cluster4
rbgpr|S|396|___1	1.30741104630931	0.160633319715338	1.3639860541804	-1.66986900539533	0.400426445496007	1.01054981724322	0.5539950276132	0.840829776611126	0.124516214403541	0.21290521076096	0.305972339706629	0.304851448826198	0.605416270149588	-0.866408741965494	-0.642184178378968	-0.420229667451226	-1.87643705658743	-1.71636432123707	cluster4
rbm25|S|674|___1	-0.199429188673776	1.4679376630158	1.18208079410907	1.19497088250622	0.0733536273208641	-0.316036795456619	0.1982353787562	1.48691539802443	-0.307714901489893	-0.0841612883187557	1.16928198999626	0.011126203274439	0.329526361300046	-1.07382332466309	-1.01269968770629	-1.10727941244977	-1.73558369907142	-1.27670000047372	cluster4
rbp2|S|2749|___1	-1.86246816838142	0.653292140754095	-0.148263660979889	0.622673466465828	0.661000143178872	1.72898444696129	0.033571069867281	-0.0852242223548245	1.24699800544302	1.31051912424161	-0.872384644129075	-0.061473697609398	-0.758229872590086	0.00839122382954048	-0.97378781029391	-1.66298980735699	-0.59899255575386	0.758384818707916	cluster4
rbp2|T|2025|___1	0.888840857075381	0.859651554677845	-0.194557781052094	-0.179286154784316	0.109967889088589	0.447063172528673	1.48939797937024	0.671842449134291	1.26157386106482	1.44352861261325	0.501495971148893	-1.0280178807807	-1.26290907555771	-0.986558497155396	-1.46453800034992	-1.3638114923141	-0.243192922426658	-0.950490542281104	cluster4
rbp2|T|2103|___3	-0.566823356394116	1.5319528028151	2.0022297743273	2.00039118507971	-0.591670135313213	-0.976339172506826	0.302403424201451	-0.127821318958716	0.232414751678867	-0.783788195224137	-1.64425761750869	-0.153447823331667	-0.0561217403847157	0.23698303153981	-0.38466117486014	-0.679448058572496	-0.798441385001112	0.456445008413578	cluster4
rbp2|T|2316|___1	-0.816585650723047	0.0745006936494749	0.653814536158014	0.553060682837362	0.439375298666098	0.0376494345968909	0.08147708261972	0.0766571870001031	0.210604691561889	0.353076361736396	0.95807563607267	0.291499407265961	0.298218627984445	0.158639958028612	-3.71807894857311	0.505642770664283	-0.0113713981588067	-0.146256371386952	cluster4
rd23b|S|103|___2	1.31666085863073	1.25490903237936	1.50584114488543	0.857517733073864	0.497630759065555	-0.33627756151614	0.570115099664417	0.441107861247284	-0.515231019546025	-0.0260058557717229	-0.118615217611845	-0.00189033021457465	-0.130399189640957	0.222872250719985	-0.70731844359376	-1.26220728839563	-1.07718204256482	-2.49152779081114	cluster4
recq1|S|52|___1	-1.33993746953081	1.37147508054484	1.46201170353491	1.12194596110202	0.443646363889886	0.908371220799826	0.675093262575152	-0.282043484691389	0.223826565416942	1.03198136974112	-0.789932409606875	0.472999716829189	-0.037710353718245	-1.59290250396064	-0.459293495196761	-1.40966199447662	-0.740727344580963	-1.05914218867157	cluster4
rent1|S|1280|___1	1.8465581962408	1.64002495371069	1.32440666775996	0.832756126193505	-0.130828324043408	0.462018544918955	0.117808402720295	0.589499939555313	-0.103163161131239	0.597166869897222	-1.41778101062968	-1.30340345394448	-0.156277730466053	-0.863788320166942	-0.797257094680192	-0.703967441676645	-1.0485664157558	-0.885206748502309	cluster4
rfip5|S|482|___1	1.68955132807382	1.56544332735987	0.99136702953052	1.1971426411586	-0.927764241676584	0.164157940563987	0.757792917345325	0.515496276541113	-0.768344915902033	-0.372302304021581	0.279768394980503	-0.226797357841314	-1.15516072293144	0.193080884272239	-0.762877713401295	-1.83742622937445	-1.15833224489394	-0.144795009783333	cluster4
rnh2b|S|264|___1	1.45203806104994	1.35303651885436	1.62050370064558	1.09368381163383	0.619858594010317	0.231794053808894	0.532395477240392	-0.113430323235952	0.494736045756502	0.0424020129687579	-0.0281396214248801	-0.675414084057026	-0.677370296959949	-0.795729340718256	-1.17335264474022	-1.1267584485332	-1.44200257317873	-1.40825094312034	cluster4
rs10|S|118|___1	1.57144592336433	1.57594350408131	1.07322615547221	1.25149109568198	0.201667495174049	1.01415514199372	0.578896127634273	0.0884869840538503	-0.119345681386005	-0.297061311022438	-0.417911763773916	-0.102669838823826	-0.411471460760318	-1.12234579984704	-0.811707772917602	-1.41813257542278	-1.38451455989547	-1.27015166360632	cluster4
rs4|S|32|___1	-0.15726516266177	0.102713285175775	0.628114114638053	0.485903088226108	-1.03008383555658	2.16032143467944	2.02949453903367	1.15884572058254	0.857789023324708	-0.602154977557696	-0.686983185444077	-0.702094386251612	-0.576133872819659	-0.735458338184021	-0.895778842614357	-0.758144655523729	-0.719917392560122	-0.559166556486676	cluster4
rtn3a|S|13|___1	0.739913890158486	-0.322480419445313	1.2003592497956	1.24576763088813	0.683116823324837	0.627326467702193	0.946690911211674	-0.442733124384	0.271210644842329	-1.35428838368894	1.1545874548208	0.481977384604078	0.519619809173333	-1.29566263794642	-0.960830898384769	-1.66806576156525	-1.46453984452573	-0.361969196581031	cluster4
scafb|S|938|___1	-0.337779949762854	-0.598369181677746	2.50075234215205	1.85164340062012	1.08211183838581	0.949784827863932	-0.529365455927984	-1.07461794182539	-0.549268498873805	-0.861247665660916	-0.400634790845835	-0.819097603529485	0.762131486365376	-0.16610275343	-0.33236997262893	-0.503633963920491	-0.398297628819035	-0.575638488484816	cluster4
se1l1|T|798|___1	1.00404309995656	0.348772273509215	0.887345557242949	1.03405004975812	-1.1288612272742	0.997441902310592	1.20079601130625	0.668706237269084	0.963794085421944	-1.36068834889647	0.907582446171196	-0.302745614996117	-0.0408460661232565	-0.768134601633127	-1.02373677482265	-1.79045924223203	-0.937820135040808	-0.659239651927264	cluster4
sen34|S|150|___1	-0.596052392252741	-0.835969473745592	1.690035784142	2.14061865674497	0.875329237257842	0.0571392261217986	-0.0898263416009562	0.114888621004122	1.45219330165407	0.806133846027934	0.220641772036977	-0.955244589716438	-0.87906780858124	-0.751061614170364	-0.693565763802244	-0.844986270114989	-0.875333111529032	-0.83587307947613	cluster4
setd3|S|525|___1	-1.10271910530091	-0.335895325627948	0.892490593092161	1.25691191303422	1.24067858567754	1.62022855750944	-0.280368801855018	-0.754064371251173	0.689911562670253	0.53790178465621	-0.169886353325135	0.233530087458039	-0.840755363737932	-0.465645801427112	1.25494931399848	-1.64085162939581	-0.784185908014773	-1.35222973816054	cluster4
sgip1|S|357|___1	0.442085064993219	1.08112245574605	1.35121412316237	0.890728077040758	0.634434929010096	0.46246581333661	0.607152518824953	0.783508912420229	-0.107024897174369	-0.29560373241017	0.78393365771247	-0.147367765629116	-0.0397736719549764	-0.189780171639357	-1.40611492012437	-2.30854114152781	-1.04053306854307	-1.50190618324352	cluster4
shrm1|S|780|___1	0.942575099366657	0.799448075028972	0.873989432877325	2.44385522526945	0.467758505910468	-1.17880422566845	-0.0236141515402301	0.132105832628284	-0.781267979515796	-0.542349218627137	0.307392245553855	-0.561158606918086	-0.624560167890146	-0.596696824911426	1.29835474730184	-1.14245832512319	-1.36141072223787	-0.453158941504512	cluster4
sin3b|S|375|___1	0.393864056200159	2.37083802976929	0.87774281101502	1.03859758819127	-0.450627418270345	0.429706507705758	0.611757313120996	-1.01528684190596	-0.237322114115325	-1.30479590493488	0.0430770241362566	0.176701285852348	0.1672622946906	-1.18192788874754	-1.9499771592733	-0.466224224166886	0.581624955784557	-0.085010315052022	cluster4
siva|S|5|___1	-1.11717343537752	2.11907478351431	0.847099133820277	1.44356138297122	0.89092608080935	0.345398058293563	0.652558518059093	0.56657695375208	0.339134335076904	0.535980586177991	-0.282250665765818	-1.43877705430652	-0.431872426166767	-0.812250948205531	-0.950202771238102	-0.752550171804562	-0.874838227788432	-1.08039413182154	cluster4
slbp2|S|69|___1	0.969614285459561	1.04842493497236	0.476107336774011	0.0789575678837946	-1.38400036260873	0.127794297176367	0.786974620947795	0.928254766811808	0.201489799576316	0.353786871733217	-0.302430045043117	0.297438851597695	-0.219553835059583	-0.549770117909937	0.880176946230988	-2.78813495570012	0.458691690814491	-1.36382265365692	cluster4
smd2|T|12|___1	0.910766987780393	0.848589278300901	1.45813051466861	0.332914660858819	0.299503277567125	0.993659578654176	1.00853920480071	0.844570170350148	-0.327757522297374	-0.517910822312213	-1.074271333903	-0.254765578410646	0.599152203332342	-0.768920495684023	-0.540394464807295	0.0254104529976368	-2.2397642272848	-1.59745188461151	cluster4
snf5|S|131|___1	1.80917501746574	0.565821423863156	0.305591827161748	-0.0161978082991377	1.25421721334784	0.515509040439151	1.52817333411661	0.517838826035568	0.86627772768919	-0.00354014110471576	-0.910233385262239	-0.341390161311401	-0.295334916159946	-1.00733819669852	-0.98555395697642	-1.22076455465016	-0.918477183076991	-1.66377410657948	cluster4
snx1|S|117|___1	-0.749363445717725	2.02003214993508	1.41766684808229	1.39128651047657	1.15586963467095	0.254649663422688	0.436693317622964	0.261233212934	0.360511391842182	0.143567238530742	-0.779514277449403	-0.325119252804239	-0.666370605795582	-0.776555358701962	-0.933988860075413	-0.479177641175432	-1.29732285471854	-1.43409767107916	cluster4
spt5h|T|1031|___1	0.476045312806701	0.466748359718731	0.609558621994183	0.620796617654258	0.586104618740025	0.703796569261292	0.804565433665261	0.599055760613888	1.42995514581826	0.8569521168855	0.576190386691429	-0.405542586603424	-1.02009214724274	-1.55283659553219	-0.660889084934694	-1.19266464033982	-2.21318983183427	-0.684554057362394	cluster4
ssfa2|S|366|___1	-2.483720542419	0.537292920691628	1.0787277588202	0.453075254268498	0.476987813657183	0.153295863383826	0.548398385206361	0.323615605052008	1.02982756958617	0.887541940863148	0.841095393899007	0.530068232259239	0.479340288101013	-1.32201226063206	-0.851943480124333	-0.719388790052072	-0.464180306008241	-1.49802164655257	cluster4
ssfa2|S|79|___1	0.590174642838498	0.218595512507801	1.73257854390916	0.92505036340531	0.897178352999001	0.716629420843071	0.580204214902901	0.185611598805135	0.0837845610814052	-0.59178169672742	0.591603826580957	0.297275954628057	0.323283837798679	-1.07542977037479	-1.05045407566667	-0.729820573164918	-1.32790029293906	-2.36658442142711	cluster4
stt3b|S|22|___1	2.74341249659351	0.349688695413318	1.84575199028302	1.26867750615799	-0.263796540031329	-0.636688859876574	-0.302251628601273	-0.57422075909598	-0.174130690683846	-0.474171076583703	-0.0956521763521928	0.0744648860253079	-0.527701428627116	-0.734279983080166	-0.828698907619081	-1.10338259049358	0.0950225390366494	-0.662043472464958	cluster4
sugt1|T|236|___1	1.73705000832918	1.74043638114644	1.19682446912016	0.983598021097891	0.550088502638927	0.217422127979513	0.538433685821493	0.414038939329583	-0.129504573373553	0.0788801303983251	-0.415111236135476	-0.613552300156052	-0.675009929654023	-0.970481948865183	-0.957517655954221	-0.883186668141381	-1.65274695777873	-1.1596609958029	cluster4
syep|S|803|___1	-0.932321600612912	0.186373091962471	0.613487623035736	0.657878496033692	0.283660010384836	1.49088023700151	0.896982335574416	0.585149745380631	0.190167707252537	0.116968564288999	0.249719650686965	0.554406073214362	0.847868482750179	-0.443764134011402	-1.62596138991207	-0.130298419255529	-2.65675922226442	-0.884437251509997	cluster4
sytl2|S|330|___1	-0.318284826927241	1.14407209538758	0.595332893659408	2.42225985207552	1.13720088405349	-0.477612652124743	0.635299635183303	0.397033084026073	0.248062860094348	-0.387798064431709	0.706113266965978	-1.60652644374021	-0.40419063564447	-0.861274764985673	-1.32353958802325	-0.347799051251395	-0.809938582747985	-0.748409961569019	cluster4
t22d1|S|378|___1	1.18280946451476	1.73512311059042	1.2290843824459	1.11448006225042	-0.0676276657087639	0.521955334001127	0.724019099002396	0.448846330669399	0.217767471989869	0.0472468844145421	0.163497572706362	-0.313739644345422	-0.650160378176476	-1.33069219819655	-1.13155775360762	-1.32701097478667	-1.01923344829336	-1.54480764947034	cluster4
tcpe|S|308|___1	1.15228756906782	0.945068438102712	1.31432525347424	1.07290653930019	0.855007310805623	0.704789328301219	0.744487338688258	-0.091076917474511	0.153476993029347	0.154854459419461	-0.559840780039858	-0.0623236893805457	0.104367874242541	-0.995575331985378	-0.59168788333834	-1.13499971043501	-1.80140794281471	-1.96465884896306	cluster4
tdrd1|S|116|___1	2.07762862228636	0.936530202189556	0.775460898337429	0.817944286872634	0.145277611306708	1.0499627100511	0.703672754432937	0.0052765656298084	0.048421611243538	-0.312639070842841	-0.772427517980253	0.0955765437210229	-0.204702605575582	-1.09644031673817	-0.143795157304866	-0.454820614566914	-1.86665975884542	-1.80426676421705	cluster4
tdrd6|S|2114|___1	1.57479125521893	0.589917868614683	0.24455677027124	1.00501624278515	0.432223523008434	-0.650813872150195	0.109090056555403	-0.348012509014859	0.547376616801952	0.329158995873553	-1.60440458839701	0.486739778560852	-0.413119716627306	-2.44595617734966	1.09650560403514	0.366101343668074	-0.0351068295799081	-1.28406436227446	cluster4
tdrd6|T|1880|___1	-0.060876628927955	1.23009959215747	1.15238997437859	1.59095673128009	-0.825055857719263	1.50634401393958	0.393381192437612	1.00244929975508	0.815059217130634	-0.217055134019032	-0.470337865159423	-0.00720465712828481	-0.594147796117086	-1.11730603797977	-1.34702411051347	-1.21223811937827	-0.871146402598771	-0.968287411537732	cluster4
tdrkh|S|296|___1	1.64969196802116	1.09750606440957	1.53136329901682	1.59060621170529	0.9606816582823	-0.102305139563319	0.35829068680886	-1.32494741340018	-1.20634614755994	-0.0245989897105219	-0.424906633011961	-0.848447930641131	-0.725999289184819	0.197806756356375	-0.67617643609436	-0.489577682683389	-1.30158449315729	-0.261056489593465	cluster4
tdrkh|S|49|___2	0.704622191450375	1.14464208637171	1.75843725775596	1.58009093963584	1.09614704473778	0.733523000442525	0.496289255060798	-0.863192028698885	-0.689570598112041	0.0680197444748312	-0.975911224542387	-0.211446273278262	-0.692871213951554	0.125056862874815	-1.27818333218033	-0.737768595153715	-0.83442494766253	-1.42346016922492	cluster4
tdrkh|S|53|___1	-0.161215074822164	1.85524504563218	3.12982111238554	-0.485846005163943	0.106127580851637	-0.480092871996042	-0.884988116319754	-0.0649565235145418	0.615358902949164	-0.691203114690101	-0.37538268271517	-0.446360050581425	-0.575046819184109	-0.282724098243588	-0.849603608846491	-0.254220055700316	-0.258330601334823	0.103416981293956	cluster4
tdrkh|S|536|___2	0.845926142167657	1.03677764564758	1.4335629628707	1.90919080361393	1.27499022754981	0.0073372215891398	0.0878521482117142	-0.82221256839664	0.0624344782695388	0.250293393112595	-1.806584479624	-0.583427526676664	-0.733617652322311	0.276817311781382	-0.988638642348244	-0.592071569571759	-0.504508087078414	-1.15412180879601	cluster4
tdrkh|S|539|___1	1.37923803648348	1.16288200520573	1.2993302877657	1.20215370310677	0.969070177473124	0.0175759560393734	0.321361634033569	-0.255603290552821	0.0196452425110579	0.187611970355693	-1.34385742636594	-1.99376028887982	-1.52489354416813	0.351360730930295	-0.938603617955957	-0.103391866101231	-0.193973231118874	-0.556146478762014	cluster4
tdrkh|S|539|___2	0.830995348643663	1.00411218108108	1.36402664873193	1.79545728305846	1.22018911458027	0.0703314031121274	0.143364566627642	-0.682133363331634	0.120308806373744	0.290711133260213	-1.57419901409228	-0.465537165228605	-0.601771034708638	0.314770345265588	-1.15574186712918	-0.473377969718833	-0.393951229818764	-1.80755518670678	cluster4
tesk2|S|437|___1	1.20150936550686	1.56575069916014	0.494948822925527	-0.00870296810929127	0.541218487325496	-2.07237528824138	0.418630803101342	0.182227031549878	1.2756498301209	1.02881668051309	-0.906981289750564	-0.40407930364773	-0.341803256045097	-1.15451489626543	-0.0449494628968332	-0.846354729809881	-1.41117649197494	0.482185966537913	cluster4
tho4b|S|244|___1	0.374353899956988	2.43198818730148	0.784453253291379	0.557074933190422	-0.578390637905984	0.410925906042108	0.889227335610193	0.817597394505601	-0.0636754792720152	0.967431930644103	-1.36748618968144	-0.0582807824096748	-0.552258725361266	-1.43587406976196	-0.92004575416806	-0.926742376815985	-0.286530040407281	-1.04376878475861	cluster4
tif1b|S|483|___1	0.714851787037316	2.69984488470645	0.69001741195076	0.566228143943079	-0.297066884839947	0.497676962186182	0.391591016579208	-0.609287423809734	1.39790703797548	-0.0633948778131497	-0.985809608959031	-1.10600631824266	-0.354349121826624	-1.06375193044799	-0.575318716611851	-1.22142891564335	-0.537034489168228	-0.144668957015923	cluster4
tm55b|S|167|___1	0.994604849285325	1.28164758704004	0.857013089572687	1.18144200541205	0.111639703237741	0.602119962159718	1.1006336641409	0.476051563449569	0.803807639071667	0.676946463388961	-0.448479973506819	-1.40510556973457	-1.00862167881937	-0.642368733113079	-1.53788977806863	-1.10669514043504	-1.3217049316819	-0.615040721399255	cluster4
tmx3|S|425|___1	-0.857957719328111	-2.66389899018216	1.13286535431365	1.02906669560387	1.78360788748108	1.01479208524373	0.745507075307536	-0.559638174058615	-0.125785682330606	-0.220210031347035	-0.326572552969032	0.0985603612331936	0.428677424672217	-0.0431434710334731	-0.20522459806731	0.233409893336519	-1.05646742702206	-0.407588130853404	cluster4
topk|T|9|___1	-0.0177144296596515	-0.348668295168617	-0.803420695809726	0.185720278020256	-0.18603203219684	1.06349999866088	3.37898762253468	-0.723106804358516	0.45509321037102	-0.610614473469891	-0.439341435104394	-0.282968050949874	0.321380262917917	-0.723121829105859	-0.659977255417881	0.336177962883352	-1.02831775795905	0.0824237238121887	cluster4
tripc|S|152|___1	-0.0124177929891383	2.15774992339082	1.51579122100477	1.42232042598286	1.07101907348593	0.575829988552179	0.273978594685118	-1.10059860742592	0.370975734083306	-0.15581683926397	-0.420730762916832	-0.392602946403531	-0.807420475109084	-1.00000517639696	-0.903772467572513	-0.716199120574794	-1.03887631807052	-0.839224454461714	cluster4
tsc2|S|1392|___1	0.397189276341379	-0.104847998015243	-0.165731584848832	0.188817902370355	-1.11510983126336	0.322636499466533	1.31741012753474	1.19476457491167	1.55401831370944	1.59067624600531	1.0145753699307	-0.581907565885971	-0.448193483682967	-0.550725732979523	-1.43314339007101	-1.10289924901284	-0.961948132629485	-1.1155813418809	cluster4
tsc2|T|1722|___1	-1.72629446554894	1.26116588309876	-0.047087181579408	1.00133051791007	1.13706797784302	0.653924363639043	0.0821833476949592	0.738585494468513	0.897063458642705	1.04066978313869	-1.6734967071819	-0.42335465632428	-0.864612306107978	0.369221215148728	-0.358674603723509	-1.7970469816558	-0.147128083631755	-0.143517055830914	cluster4
ttc5|S|432|___1	0.656856812453461	0.30449312722256	0.813604067434349	0.583111399942392	0.461717561371287	0.607936871311204	0.885361952775279	0.247408903557768	0.894822404895585	0.555640406739443	-0.0298363281505337	0.491793951796458	0.27508440255289	-1.66555196561884	-1.3080611281859	-2.60136835814559	-0.00429001142932739	-1.16872407052249	cluster4
ube2o|S|1178|___1	-0.0564677355884023	0.553093588206711	2.06902817886343	-0.0291774900497411	1.05543046564658	0.816095845904776	-0.917644089913634	0.743101788171314	-1.35086146187005	0.962791849682601	-0.985259210323666	-1.27927791324982	0.408460224026984	0.787902212619054	-1.3047716531535	-0.550179192522055	-1.03464293765288	0.112377531202308	cluster4
ube2o|S|1200|___1	0.918482478129561	1.04795813166991	1.16474910153697	1.0520294486944	0.798262016527265	-0.474318660287221	0.534435658657188	0.630241685853677	0.092928851493098	0.159767376298754	-1.10221493054472	0.174632488036527	-0.119823933483416	-0.189983296316993	-0.340466540631668	-0.160657081968966	-1.45401526377163	-2.73200752989273	cluster4
ube2o|T|876|___1	1.0691502013777	2.18475128916929	2.09230133856346	0.818507647396901	0.777093469792613	-0.440762823575391	0.166165965691172	-0.916805688845887	-0.902769352134889	-0.634008899591755	-0.0608690193894867	-0.522028494994013	-0.657371762073661	-1.15452429096518	-0.526582813260001	-0.171874785189404	-0.857776672501045	-0.262595309470416	cluster4
ube3a|S|251|___1	-0.163529087150475	0.584457962341601	2.39357671529923	0.412948463187973	0.108922656932118	0.598866421150887	-0.0100936560086911	0.798816754892392	-0.17347092330636	-0.559085237009834	-0.18492931015433	0.856218590957124	0.500415131888581	-0.478708015759372	-0.611119310769105	-0.220015129730422	-2.30606689941566	-1.54720512734566	cluster4
ubp5|T|621|___1	0.730056539935044	1.6859360219658	0.961713895197116	1.5127574298177	-0.179232352883133	0.312517443566313	0.546716503922091	0.0471622785900997	1.14455275472684	-0.772680288201152	0.0815777056540848	0.644054444960926	-0.938233328986643	-1.27236725417969	-0.98785045357681	-1.31368836262584	-0.990857080965751	-1.21213589691701	cluster4
ufd1|S|247|___1	1.1772806782264	1.86089888507965	1.42046379314768	1.34544290601795	0.0136659097663359	-0.116518302163548	0.145060392359505	0.276447559802418	0.277309534479	0.136175783292105	0.116543586516721	-0.475245264993323	-0.360008743166122	-0.544601134495385	-1.03510161656949	-1.17350749574491	-1.9241217571091	-1.14018471444587	cluster4
un13b|S|351|___1	-0.99182650200349	0.532695987216456	2.07702126769795	2.76937118897835	-1.23091901278488	-0.414311867973256	-0.321103670760192	-0.101506176906269	-0.496283028119614	-0.69219978016648	-0.394956827527938	-0.214913272943084	0.660536093801592	-0.0997628174098017	-0.34945195417771	-0.268083963864459	-0.601748515732096	0.137442852674916	cluster4
upk3a|T|232|___1	-0.212012830926422	0.145936108316414	0.175322432547447	-0.564122047996784	3.53227620185563	-0.0288049110670542	0.184858759828476	-0.61735000559516	-0.20511783932694	0.026871911876858	-0.702003337747132	-0.0785069940633377	-0.761072584778685	-0.369514241161073	-0.673744083665326	-1.05591258211567	0.867700964174266	0.335195079844493	cluster4
vamp3|S|46|___1	1.57610832628421	1.63870968993706	0.679882311683434	1.08868951485702	1.01092550650663	0.489864025034209	0.586292646673542	-0.824790697885304	0.665224750589639	0.0783079140211582	-0.050378165016712	-0.675253193232208	-0.649671284126504	-1.20712702439157	-1.29828928997144	-1.35615437350218	-0.71707231710839	-1.03526834035259	cluster4
vita2|S|954|___1	1.01677987222006	1.43842757101991	0.286338280344865	1.63477334808689	1.33460082247733	-1.04814715365825	1.02506065073137	-0.96563537352147	-0.909543192536857	-0.794264435662521	-0.620862698479558	-0.299010040932999	-0.0721266419138069	1.00309635146762	-0.245119531496104	-0.260137977257686	-1.15817237391844	-1.36605747697035	cluster4
vita2|S|964|___1	1.81175899568073	1.06546727666568	0.663866291152805	1.23275749456266	1.1020871961095	-0.847464572688201	0.885795704637722	-1.32033504185228	-0.587405373420446	-0.840634954639419	-0.468619842754734	-0.980216684103469	-0.945297561309587	0.993451330805489	-0.931098996187611	0.48842006722815	-0.476239051360252	-0.846292278526738	cluster4
vita2|S|973|___1	1.97210772017194	0.206347313271524	0.411127977835305	1.5526055632697	1.23049609283387	-0.79386229321694	1.28887918607725	-1.03094652157026	-0.258493958181822	-0.390237350773007	-0.343775577880967	-0.864068155165849	-0.845828111082275	1.00847817538386	-1.1985972516639	-0.385944893081464	-0.733697267040592	-0.824590649186369	cluster4
vps36|S|156|___1	1.81323048224121	2.29561085444962	1.10933633417575	0.98923474348713	0.548789069968105	-0.311051769609379	0.401729607139499	0.102644661429522	-0.35711169412514	-0.315547750574247	-0.664831672158146	-0.735441027177324	-0.73063671221002	-0.638866252065269	-1.09929541194901	-0.307088670579466	-1.01779298224718	-1.08291181019565	cluster4
vps4b|S|384|___1	1.86249393128482	1.65001723560755	0.389733844398372	0.948946304357236	0.0411815816322339	-0.167853202143161	1.2654131695059	1.21535959458515	-1.02659905766551	-0.862720832381251	-0.395861169498114	-0.526846107776698	-0.31509647661384	-1.03479226374825	-1.4380055252049	-0.0758707912427508	-0.732504583859323	-0.796995651237456	cluster4
vta1|T|262|___1	1.27781164573788	1.37479983163529	0.931791556929654	0.739943157002397	0.337399979059219	0.874578811267421	0.674398897681013	0.564969468596781	0.251592246422043	0.109660210059795	-0.00669890678790109	-0.850611293538682	0.130590048819966	-1.01434138527291	-1.45926426497989	-0.499248568473999	-1.34631021311453	-2.09106122104355	cluster4
wipf2|S|161|___1	0.267695531774546	0.901225196881004	0.66292768709703	1.11331932077857	1.10198284233605	0.15203729307508	0.80324105406025	0.254467545727111	0.829131224707109	0.853164205970175	0.438991079972405	-0.405183265086916	0.126881615596956	-1.13368797722044	-1.9717968334448	-1.46914329905315	-0.961504297996582	-1.56374892517441	cluster4
xpo4|S|520|___1	2.19615306841571	1.73171889484133	1.58978150583884	1.03248244864911	0.304024383496615	-0.332574395539713	0.354353633810925	0.0523919703371492	-0.334791253789871	-0.642159605705865	-0.398405846275341	-0.504828974008634	-0.856305129123143	-0.675758582841299	-0.744483222833435	-0.890807858145957	-0.873818521432386	-1.00697251569402	cluster4
xrcc1|S|156|___2	0.600425956589255	0.197327151339477	0.370003386842574	0.957207319731712	0.588264788946199	1.68864600191364	0.536892774290642	0.76441093767989	0.202035142539973	0.424804138007955	-0.713205665511274	-0.360070250236584	0.726874655262634	-1.23353715524826	0.0605620487457754	-1.79058634766515	-2.14147826097758	-0.878576622250888	cluster4
xrcc1|S|161|___2	0.609551426321662	0.192999885215745	0.371438895886127	0.978239759602059	0.596984400427791	1.73408896163224	0.543897932306834	0.779009126771063	0.19786499760144	0.428068528756303	-1.00991845042927	-0.382999704986636	0.740220134879593	-1.16205765946131	0.0516704803329545	-1.69657684324827	-2.05367152783311	-0.918810343775213	cluster4
ybox1|S|151|___1	1.70700047680859	2.329147048909	1.40498694983304	1.44518894928337	-0.140181333099616	0.119038464579049	-0.294111593807326	-0.502755164648889	-0.0824492309111986	-0.386044287420078	-0.744028141335663	-0.382950396530915	-0.755598061978999	-0.604526101664306	-0.790698854984952	-0.803573782954021	-0.827663727228575	-0.690781212848511	cluster4
ybx2b|S|136|___1	1.69783739247682	2.31619631024533	1.39766253647535	1.43761978447289	0.0607633450629145	-0.0352636293442728	-0.387043719276169	-0.614847964298031	0.0459545549664208	-0.4911504169891	-0.84509568800602	-0.739893731830145	-0.437227065502544	-0.369887212578542	-0.670294056405835	-0.960194920874825	-0.638655022857295	-0.766480495736943	cluster4
zc3he|S|101|___1	0.714131566276762	0.961901031479033	1.85215961519902	0.893290309511584	-0.818931469011569	1.63201156369078	0.688417783531866	0.998617750426899	0.243532431742132	-0.608812826877356	-0.61238538242176	-0.485930026969528	-0.77341268035881	-0.555024403750758	-0.785340118357259	-1.10954172414652	-0.771681764090828	-1.46300165587369	cluster4
zn638|S|1875|___1	1.26196699272761	0.810150385419255	1.20406604984194	0.503914045158379	-0.080329613611581	0.701463372402295	0.153925716801995	0.464265902484195	0.0796507371422996	-0.125468751356286	0.671086294667792	0.521464186760742	0.221458446025328	-2.39514158155429	-2.12203674077569	-0.352284182497536	-0.759567239666441	-0.758584019969997	cluster4
znhi3|S|59|___1	1.57877066523123	1.85895306292275	1.20505413931129	1.22763182523484	-0.124782925564127	0.145268285716875	0.500170511612473	-0.00640997405006657	0.658591424819988	0.284666072426174	-0.965327640549726	-0.302240673202893	-1.20786051159831	-0.718400825104625	-1.00284971488469	-0.969399233372991	-1.0086733597227	-1.15316112922549	cluster4
zo1|S|1121|___1	-0.00466809594439545	1.47181546177687	1.97653352795249	2.11390423945704	0.00255352559785136	0.92431004600378	-1.07129551664611	0.468559822685214	-0.512390777735269	-0.00801985092179019	-0.937674663023801	-0.66134101880355	-0.738886852956568	-0.701577199820291	-0.947007667603801	-0.210510502407454	-0.598948316342026	-0.565356161268193	cluster4
