ID	0h00	0h15	0h30	0h45	1h00	1h15	1h25	1h45	1h50	1h55	2h05	2h20	2h30	2h50	3h00	3h10	3h20	3h35	Cluster
4ebp2|S|61|___1	-2.0892803754008	-2.98899561609626	0.662847966040265	-0.251119855480908	-0.0188035593919848	0.376364633367312	-0.00185659144991313	0.872849548063869	0.16041066609011	0.299191409465778	0.0887532411270433	1.01040801620379	0.527967903230115	-0.0959355646001326	0.436284689727478	0.80708814672307	0.10167755409003	0.102147788291127	cluster1
4et|S|663|___1	-0.388008944868389	-1.19583267741685	-1.0680696068939	-1.43627075017465	-1.66226202763074	-0.144743265549198	0.614540385001411	-1.5226487287343	0.677716768893	0.684366520217357	0.610638238210863	1.15009909448499	-0.0375677837648674	-0.278405309059227	1.05196889090074	1.13404048844629	0.874508695175073	0.935930012762396	cluster1
aak1|S|599|___1	-1.10630943686219	-0.0528939449259342	0.142121485167253	0.71625081799004	-1.64330540227376	2.55207970341734	0.0701032436879154	0.909905116725177	-0.163087254678078	-0.88474583170377	-0.142527736836562	-0.964220523646086	0.681460191597793	-1.0253531983568	-0.758118066059542	0.0567338807607058	0.662019942011126	0.949887013985368	cluster1
aak1|T|568|___1	-1.46118009694726	-1.09654690808004	-1.32813874423048	-1.65147185932611	-1.73449111051178	0.324890040461993	1.04729942485013	0.805838152638274	-0.0204725110160922	0.168346331698764	0.592120246083438	1.10202522383567	0.861469824218857	0.979547547725014	0.282004181949896	0.949964336047829	0.183179024533327	-0.00438310393143645	cluster1
abcf1|S|105|___1	-1.69387374669883	-2.30474222461174	-1.38230942825011	-0.885621093737357	-0.573553717971721	-0.32896243389731	0.0220720050212909	0.241453096362803	0.596854212540793	0.453503326773249	0.763812442930128	0.451052485666723	0.835104501397313	1.32232899539803	0.611428211694471	1.03376012425153	0.27777383736965	0.559919405761077	cluster1
afad|S|1155|___1	-2.89027343969455	-1.53810044408437	-1.12899812466285	0.169593304222851	-0.705522337970797	0.319372522197933	0.401218293009821	0.23399886219764	0.458320985856	0.381182880554396	0.911403441284021	0.780432522884676	0.771201334477609	-0.458559720274063	0.254087333554024	0.915033287016515	0.677288333229812	0.448320966201334	cluster1
agap1|S|524|___1	-2.67643181180538	-0.514947888285313	0.551162553889422	0.571133652154761	1.30823292709417	0.133938609406539	0.459296884181539	1.26433580387031	-1.00881329109753	-0.38408389688176	0.492770613605134	1.13482625994337	-0.172656222663027	-1.04144291847471	-0.291312795289817	0.448053084236282	-0.933646970955288	0.659585407071293	cluster1
ankh1|S|1967|___1	-0.823142316662359	-1.48119503005778	-1.89717996618351	-0.891029421185191	-2.18610028750746	0.0906828031303524	0.696872605045597	0.736897309241309	0.593341766243518	0.767360038808466	0.324418946522495	0.641464331392757	0.584172271039699	0.37368584998844	0.0475803197978336	0.921799813414747	0.790880478322758	0.709490488648324	cluster1
ankh1|S|2019|___1	-0.903384729466565	-0.832692170591491	-1.63382915885923	-1.54150481679201	-0.938495661721494	-1.4248987391099	-0.321571679861234	0.276176352369452	-0.327107025650587	0.629205623396144	0.243513991440481	0.790631696034635	0.908760628295592	0.836884365340307	1.19666264083166	1.2879134206097	0.954517434727644	0.799217829006887	cluster1
ankl2|S|885|___1	-2.00049348179307	-1.03832697144822	-0.826638443010501	-0.846044567945705	-0.565217549718712	-0.938717246820674	1.07366340669985	0.939996753475552	-1.16778570620433	0.966459659043462	0.607070391688467	-0.418491686783093	0.59015876672083	1.49279019493436	0.520882119738231	1.16443504001397	0.486591418092374	-0.0403320966827926	cluster1
anr17|S|1630|___1	-1.19868337858262	-0.399541872484292	-1.55439271735025	-1.29544181110533	-2.46715668789019	0.0561868113963169	1.47023058612604	0.572192673374047	0.647257864556662	0.841898576103266	0.46930429094694	0.258875095482619	0.412051825091904	0.295396175254334	0.78320826400793	0.518237695921887	0.326128346233669	0.264248262917068	cluster1
anr17|S|1830|___1	-0.979646160296016	-1.96083488012635	-1.69484445486131	-0.547568543096989	-2.07241558782863	0.309195203422439	0.574865622346831	0.652461384263084	0.601764720738265	0.475783572469597	0.574872382624851	0.890462730607727	0.526664785842678	0.236832431518486	1.11212424893362	0.576281862314105	0.357606278406019	0.366394402721589	cluster1
ap3d1|S|829|___1	-1.73116005104526	-2.29888246728988	-0.306567918125803	-1.00044873019785	-0.797466525556405	0.886529290340415	0.0143895876428304	0.247606542607257	0.974929364714398	0.532772161556447	-0.905129887289293	1.21124037034267	1.04840550682511	0.190384805355126	-0.158102105708609	0.692978276667418	0.680611426418994	0.717910352742443	cluster1
apc|S|2128|___1	-0.644783646659969	-0.765164700065426	-0.528313934913264	-0.785794988750654	-1.79746706310184	-0.439537932708558	-0.938214418798921	-0.959499128926072	-0.798453943381746	-0.142326336537081	1.03586490606296	0.926950116822966	0.365389160225319	0.604043223721103	0.414133035341992	1.50896306173371	1.41671587015146	1.52749671978402	cluster1
ari1a|S|595|___1	-1.34341342971097	-1.57142998310611	-1.2093206364438	-1.27768936135722	-1.8978121895879	-0.458230323400906	0.355758580143128	0.746866041728554	-0.0284582983241396	0.587939866396096	0.779386895449468	0.732529694825803	0.685210951118249	0.473956396286352	0.750648337049273	0.886717065837932	0.853958805023501	0.933381588072704	cluster1
armc9|S|596|___1	-0.883951422673651	-1.3228820615634	-0.919356348687388	-0.878737078677756	-0.353301792522645	-0.998110335445453	-1.31244404166552	0.834017422700486	-0.348083204324613	0.442983224197159	1.05486121362092	0.882230373793881	1.30372075061225	-1.17243148883269	0.709504495870704	1.55689601922694	0.462873250418768	0.942211023952004	cluster1
at2b1|S|1258|___1	-0.887444838466936	-1.94466940026608	-0.827345438399907	-0.617199612854724	-2.23912291799769	0.248257360167783	0.494664453272932	0.956797403873151	0.915026392352332	0.822320323532021	-0.609151215580395	-0.126247049341198	0.755123479848447	-0.141925250734006	0.952352082053552	0.801900317367362	0.577505398031751	0.8691585131416	cluster1
at2b1|S|1266|___2	-0.605974232371491	-1.75717679958313	-0.8990664171382	-1.41058246377568	-2.16138821783797	0.0443807595098289	0.312497433838301	0.642657192573616	0.695322871812259	0.736218453744023	0.342990112625826	0.909643421898935	0.883595672448198	-0.513200997365493	0.0171730747398613	0.963296174425573	0.882647023848247	0.916966936607295	cluster1
atad2|S|344|___1	-0.46983433686437	-0.309064013721735	-0.25704549198684	0.198236837536872	0.718114887503357	-0.200672483315514	-0.236452787980404	0.170830225970721	0.143123734951324	0.155372942452029	-3.58942320892229	0.738221329408376	0.338876768510028	0.75236456162156	0.854984471349732	0.490007244501863	-0.334303403131776	0.836662722117065	cluster1
atd2b|S|1255|___1	-0.552461053737834	-1.9981526043491	0.751960760511644	-1.55518985310034	-0.370238520306921	-1.43577265971327	0.326781558781902	0.960677714474694	-0.822411802882233	-0.237244160800509	1.39286185965378	0.910889806221259	-0.481831064199305	0.582802548179761	0.624194272651116	-0.0722097738859055	1.17452961249957	0.800813360001687	cluster1
atrx|S|2053|___1	-0.646996589488733	-1.33721258177781	-1.30732748412701	-0.769337346361359	-0.740184631834656	-0.76091833830157	-1.00260978151711	-0.767565843048364	0.872749548278923	-0.236289820228102	0.0365023990314203	0.886183553998761	0.877735648613535	0.643329602014433	0.103407443065085	2.03925331277124	0.512068914353514	1.59721199455779	cluster1
atrx|S|2220|___1	-0.287866136712758	-1.85173544281505	-0.774554014229467	-1.08734654444174	-1.73235087021607	-0.395129571620625	-0.527890790808784	0.735173782971887	-0.326472848986607	-0.230755119737207	1.74410981142527	1.38635304767279	0.515107932541805	-0.109615507672198	1.08220748606954	0.642678921615436	0.57381089586038	0.644274969083384	cluster1
bag3|S|341|___1	-0.209742963994846	-2.10187149703942	-0.752091315041786	-0.414613825371393	-2.3070086853141	-0.854312762930121	0.419911342881496	0.44212303374131	0.0133891700818308	0.640790430044226	0.671958306664945	1.00530453688831	1.4728499813352	0.538247324165959	-0.224280793910364	0.362569915192501	0.753582104029264	0.543195698576984	cluster1
bcas3|S|551|___1	-1.42184193616633	-1.14701102849999	-0.959856329340886	-0.74632156593277	0.745740113375356	-0.675404350301268	0.888517098612276	-1.21697969915674	0.602227845223128	-1.40617529326516	1.15395827486555	1.20151169783117	0.503810442247283	1.16550774962477	-0.0737795898384125	-0.4007501253662	0.439736086409763	1.34711060967846	cluster1
bcl9|T|945|___1	-0.655080263575154	-0.482590000717798	-0.808699925435165	-0.807177227728326	-0.810128074002089	-0.800019551290443	-1.0344253720844	0.298632448765046	1.59370791054883	2.43411025115362	-0.738409922941522	-0.476913029685129	-0.714406605627851	0.18142770383941	0.400381169023673	0.601306824647773	0.351848497651206	1.46643516745832	cluster1
bi2l1|S|423|___1	0.579996403921076	-0.660890738130994	-0.21442464602279	-0.792827786215559	-0.419698864855323	-0.427632337949036	-0.486659890109314	-1.09055788106653	0.145747791456805	-1.41685648942403	-0.990740633994274	-0.214536602635404	0.169810706374414	-0.510963601578944	1.07131555473354	1.94331032877403	1.65218373866147	1.66342494806087	cluster1
bl1s3|S|46|___1	-0.51038917649288	-2.95433905519363	-0.485253246803998	-0.380156090087393	0.0255982031434389	0.991074220322751	-0.629855437846108	-0.612416793445111	0.421933525093632	0.0235849959514086	0.83955327686634	1.16187782069373	1.36211584859342	-0.629640513223835	0.488702017563321	1.04571317245607	-0.231848730683601	0.0737459630924387	cluster1
bop1b|S|9|___1	-0.793188056991072	-0.255801093232271	-0.740749480991032	-1.0056536969758	-1.04783941493446	-1.35372778706115	-1.05055527080722	-1.1724883757322	-0.446178990977384	0.678525762728888	0.0586376220879446	1.04369620305598	0.987048898561773	-0.00879920395320508	1.53263003627255	1.17792126330776	1.16859222153927	1.22792936410163	cluster1
ca1ab|S|826|___1	0.729457670624758	-1.95491128567582	-0.955411201905149	-0.269294577328595	-0.0274916836972648	-0.199063242764389	-1.01202379774617	-0.281434954600218	-0.948474003379201	-0.929959173632144	-0.935419498562629	1.10340308744836	1.00626220641543	-0.0521525433199049	1.17111121791047	1.35199478508511	1.00685528802512	1.19655170710224	cluster1
caf1b|T|464|___1	-1.30766258265439	-1.38900384084403	-0.877879453539971	-0.889239206164068	-1.198681403763	-0.692494530694455	0.756372072889886	1.83164248366327	0.399215395121852	0.157742614464696	-0.960562332545131	0.237238567072791	-0.396967268273598	1.33461246763513	0.719898945745771	0.827993802993202	1.27253313682321	0.175241132068836	cluster1
capr2|S|647|___2	-0.649870213947322	-1.43206480971982	-1.69217334149223	-0.864566706233073	-1.31056096593506	-0.584655758720062	0.280626817322265	0.124106983929038	0.15954770015212	1.40310682388841	0.958062309395284	1.40243888570891	1.33741434591344	-0.866728854444878	-0.155047324641501	0.901364741327041	0.399499435899118	0.589499931598334	cluster1
cc132|S|559|___1	-1.80692415450667	-1.29757413718888	-1.31497894700862	-1.74508342214042	0.787626642251196	0.211694421261014	-1.26289634314166	-0.04581584673361	0.324904830384169	0.386528328799741	0.426345005165416	0.433218702319457	0.90761427687294	0.680423575424305	0.444978632032509	1.23023780933342	0.665402409665126	0.974298217210584	cluster1
ccy1b|S|346|___1	-2.03673392321739	-1.62968085877899	-0.368573673218124	-0.515423904995505	0.00926846607733633	-0.0957682939206142	-0.800592469961809	0.53634094943516	0.949168101010163	0.844289082027056	0.435903875090201	0.91410706835787	-0.187875722885709	-1.40159229893366	-0.00658171745184776	0.650132863746062	1.087328494323	1.61628396329679	cluster1
cd2b2|S|139|___1	-1.54359450648192	-2.39172435237092	-0.425588259441231	-0.66698206059354	-0.370301646222299	-0.320271072777783	0.258110342439678	0.494108219635411	0.953874612743075	0.17904655935153	-0.132312664075243	1.40941474996494	0.928511108874239	-0.321339542259115	1.26489156885245	1.39202161104936	-0.456463762769651	-0.251400905919004	cluster1
cdan1|S|342|___2	-0.598222803660113	-0.302765214866856	-0.563866420094019	-0.380568186338711	-0.983479022484912	-0.399812597709532	-0.339307358714961	-0.669500339049563	-0.279256911051343	-0.370345398214846	-0.30143775959657	-0.291147704753091	-0.978211689967582	-0.0163799820701766	0.339800864077752	2.4113470200757	1.55472941033497	2.16842409408386	cluster1
cdc6|S|104|___1	-1.6706239646648	-1.13075142798272	-1.76964534199113	-1.68423468621235	-1.09997705648401	0.557655953648884	0.136694746477807	0.319493284904766	0.493245736637256	0.257977814784943	0.440532004852727	0.768322676831245	0.309336713263251	0.0200990064532061	0.931055539104443	0.934764435450537	1.08838778404419	1.09766678088176	cluster1
cdc6|S|116|___1	-0.903141875217688	-1.17268734528415	-2.78162691531858	-1.23445639186561	-0.749879477774811	0.218987945167879	0.292674793805713	-0.222234614149833	0.773949069054641	0.42712209387516	0.546497774243225	0.434249636922165	0.753782817316642	0.68866115208132	1.16809794671224	0.809630589937832	0.375632164441205	0.574740636052646	cluster1
cdc6|S|411|___1	-1.15414214728279	-0.334928628002279	-1.36604243927165	-2.66761673417245	-1.38972226876712	0.446048552396471	1.11874926592151	0.463249754878395	0.256081918307963	0.543586622187671	0.356626949701525	-0.0819380636692971	0.476711686784812	0.653213613766012	0.758445643346287	0.623847981852066	0.752673229859615	0.545155062163259	cluster1
cdca3|T|37|___2	-0.777623553339391	-0.713562138252899	-1.07874312382523	-0.912448566937438	-0.806969923781996	-0.944955679774545	-1.27096345679549	-0.924140083113527	-0.217912338643176	0.421003311231559	0.951986475904662	1.50657516519899	0.0496945716256927	0.978586015551539	-0.0878613403690341	1.47225833831482	0.645079857143736	1.70999646986174	cluster1
cdk17|S|180|___1	-1.3625086219257	-0.649280721415883	-0.923515986200823	-0.596185361202465	-1.61734523790027	-0.763329118314455	-0.7443788094717	-1.03293274699888	0.561740210571841	-0.0257885868114182	0.0247507696591192	1.12698779615051	0.530059531712007	0.470503106889725	1.6298479911295	1.4343270228949	0.881592564932085	1.05545619630192	cluster1
cdv3a|S|102|___1	-3.53634430865868	0.204793087441382	0.0323198511598095	-0.492878799672129	-0.200414858272233	-0.0839996121213974	0.3998967565849	0.795683338319798	0.4931003536003	0.303110082482804	1.36931559438258	0.583386981329553	0.684109384672271	-0.332908242597943	-0.300477676293992	0.242680993590326	-0.276491074409816	0.115118148462462	cluster1
cep55|S|288|___1	-1.99545169222502	0.304020989272148	-0.985722692435107	-0.579839058240908	-2.14957601598986	-1.0439085923559	-0.50522219521508	0.556064134277291	0.389101162590844	0.762155356295317	0.832203311981513	0.68569974655194	0.529091240943035	0.528205853488786	1.04354146233365	-0.23771166819147	0.928423097837979	0.938925559080853	cluster1
cgnl1|S|222|___1	-1.2425559255938	-1.71253099041185	-1.0618066135551	-1.22740251363004	-0.645745783287951	-1.21980198489622	-0.179557390535234	1.09833955307189	1.00569721397251	0.349124075404097	1.47462606272753	1.05914979657514	-0.119835316074076	-0.266819737841825	0.413995538314823	0.683726000381482	0.392268985820873	1.19912902955775	cluster1
chfr|S|198|___1	-1.61839890065236	-1.27363979355608	-1.07381922612358	-0.470573404264955	-1.27446307245873	-1.43324147121616	0.869869522822225	0.887702076919919	0.341221604547602	-0.169041566382097	1.29656903158149	0.450638033821401	-0.0162863151364846	0.736956168749547	1.43769514184183	0.293115602164011	1.18598094525976	-0.170284377917334	cluster1
chsp1|S|19|___2	-3.56428158339208	0.729852427507725	0.42941368218995	1.03137630039871	1.41010248288465	0.253634700793476	-0.118681369081291	-0.110931422415664	0.239788968166116	-0.262539994508235	-0.324016800913365	0.211777927706567	0.0611128187055008	0.286252398917557	-0.0981464891519438	0.12600192883316	-0.109699863448101	-0.191016113192733	cluster1
chsp1|S|47|___1	-0.938308498736114	-1.03942687196227	-0.887065913233667	-0.888160841377479	-2.46797167123031	0.157661568252717	1.59499700453371	1.20701470563079	0.880258019693384	1.02816311904942	0.228624232632405	0.374015492313389	-0.220585569534003	-0.313919758125351	0.945901179462863	0.195156337844786	-0.269017791509357	0.412665256295091	cluster1
clip1;clip2|S|347;343|___1	0.22564036359419	-0.91664268022188	-1.67489382836545	-0.809814133542444	-2.0041687372135	-0.657094141468627	-0.741613913195942	-0.35737719067079	0.45529982923359	0.658388924893774	0.313283518834043	0.528661325769748	-0.483254252672221	0.683219568194387	0.93707532165251	1.25358456590898	1.29249290696082	1.29721255230882	cluster1
clip1|S|140|___1	-1.29946570874967	0.0444965014558035	-2.13801951293817	-1.3928626043023	-1.31723428828245	-0.592775684374265	0.28063228883578	-0.499276356984106	0.0489545538012446	0.52937344278692	0.347363013303907	1.28594605770163	0.879100531869151	0.109876379127547	0.91521414533956	1.09835498246834	1.01187777161706	0.688444487324027	cluster1
clip1|T|285|___1	0.676328775672734	-2.1848556426802	-0.933798468028274	-2.26980227053677	-0.498651803718937	-0.0620144837810085	0.0546880188089532	-0.650364368566518	0.65261696019087	-0.117594877965052	0.914160059028937	-0.202339087771839	0.595029088224763	0.726875379688485	0.700075030845763	1.07963811585576	0.928567244126436	0.5914423306059	cluster1
clspn|S|262|___1	-1.68297263766697	-2.03173447501355	-1.31226269433825	-0.449816737761789	-0.791918465444167	-0.369542962395857	-0.0142152603041357	0.269486350734068	1.04696714498018	1.20033531107039	-0.0206237398884346	0.739256345832287	0.58192623184939	-0.305607046250576	1.37240493610162	0.988107122617726	-0.157000006586123	0.937210582464187	cluster1
cndd3|S|1302|___2	-1.04760111222024	-0.535941929959809	-1.25916568696854	-0.989047838569058	-0.794421744356434	-0.753156888663242	-0.659407127362527	1.29230619508526	-0.194287122999031	-1.2144883859564	1.10614570042383	0.325789524531799	-0.619235487821996	0.732764282622267	0.811090382085678	0.686257153178008	1.63745169611333	1.47494839083711	cluster1
cndd3|S|1305|___2	-0.739659609970589	-0.67800298452688	-0.754024554424385	-1.43928094585072	-1.29686218600539	-0.906569254315151	-0.259077213525084	1.2674618140959	-0.202050329090989	-1.17624027137042	1.08784980446644	0.292484601969324	-0.435828237903138	0.569223657714995	0.803173516003878	0.823256621137516	1.60046628514094	1.44367928645374	cluster1
com1|S|328|___1	-0.420516090877985	-0.972009343232527	-0.810128596831986	-1.42592704467351	-2.69959504571331	-0.12953317181791	-0.432363875193	-0.033942247493	0.228709143502616	0.128438278231999	0.95614195221588	0.740988654912631	0.890547824104437	0.462098412681147	0.666670368373598	0.960403077550007	0.992504946020061	0.897512758240856	cluster1
com1|S|409|___1	-1.51325610297849	-1.83189744019106	-0.721590138881324	-1.28006057138802	-2.08391119842712	0.41551486238748	0.444015605967566	0.766282634804082	0.401698352839053	0.43911425309444	0.895097182251698	0.708961658761797	0.788559086278041	0.143499667435929	0.36582727848475	0.667208655615517	0.550947915007397	0.843988298938269	cluster1
cq028|S|649|___2	-0.676688285917566	-0.246846825640044	-0.454413812684701	-0.588648739269939	-0.280082063036915	-0.216891989049655	-0.442338622766002	-0.48236405833381	-0.750468707764933	-0.589360618876505	-0.279839761840081	-0.403570796111508	-0.24322113248465	2.21265173418992	1.43627565161892	2.44486376420577	0.532465834992405	-0.971521571230709	cluster1
ctif|S|75|___1	-0.899225264326938	-0.459390802130506	-1.05612264233465	-0.687412804995238	-0.827380389399096	-1.01457407782708	-0.350573820537817	0.926061033258479	2.01265104411655	-0.897178061178045	0.811045112554907	1.98779353680412	0.897174078603989	-0.509239706355122	-0.267176927505375	-0.0275903498536822	0.898762362050779	-0.53762232094527	cluster1
ctnd1|S|197|___1	-1.68277341697438	-0.231206983023812	-0.916280612805593	-2.02383318135353	-0.818046705417405	-1.62821013912524	1.33606560716665	0.697637330468428	0.564438934505858	0.44262260411907	-0.00197914067573722	0.455050981524773	0.157368431003173	1.05483594976014	0.790463761318667	0.547593041239581	0.542963515164524	0.713290023104829	cluster1
ctr9|S|975|___1	-0.760147306066903	-0.413798633187923	-0.00449074706753347	-3.47531912097676	-0.011900870163233	-0.373467943847381	-0.497663951539316	0.737151853568783	0.581590445451577	0.568284174640604	0.918970085722241	0.69442351434941	0.716052287673047	0.135045974379291	-0.200668668716401	0.616707713403411	0.32522664896937	0.444004543407712	cluster1
cul4b|S|61|___1	-1.7730275261143	-0.466241079043542	-1.85842440863725	-0.759832348247337	-1.27565521508016	-1.26082083053934	-0.00957123710490841	0.257508204365349	0.557127112189626	0.457992912892545	-0.0901416181554827	0.673808173574717	0.643940624235412	0.72337616420903	1.12858254738367	0.940269998569279	1.15073607229727	0.960372453205416	cluster1
daxx|S|916|___1	-3.44563604897145	0.0441955689566495	-0.522453789461087	-0.0296397738407184	-1.06662130975682	-0.462416857797452	0.123372636576828	0.106463007041808	0.759678649974372	0.913285694434993	0.112413108243261	0.436366931820038	0.482893396917852	0.413780784380294	0.279648044127888	0.981694991764924	0.30977831724034	0.563196648348272	cluster1
dbnla|S|294|___1	-1.96888026095151	-3.12413667726436	0.265533265099407	0.537774092742128	0.451523275018301	0.777525058485308	0.528595849291841	0.321755228529148	0.183489341669444	0.240746869621306	0.480877664498113	0.661814102018062	-0.549850794583251	-0.198475856813366	0.449924476974005	0.551302436445993	-0.056762504730838	0.447244433950264	cluster1
dbnla|S|321|___1	-1.01425160410992	-0.15206569482165	-0.495442039174616	0.114880885162146	-0.46766536491421	0.434971804372986	-0.705177103360019	0.38627298011632	1.28440398806399	-0.144361242335621	3.22896323034799	0.41667533624362	0.0273350156342084	-0.881474106852127	-0.849941115784227	-0.707390911010408	-0.592164676151656	0.116430618573193	cluster1
dc1l1|S|501|___1	-1.13393393985585	-2.31422883231332	-2.15836276293759	0.041591599620587	0.304549097922384	0.0822458396941742	-0.136372818683165	0.130486877743822	0.413370585147437	-1.0083319755466	0.438887407041472	0.666433012117272	0.59066978899993	0.665788855152593	0.974376207116628	0.840816501854763	0.741829071480289	0.860185485445174	cluster1
dcor1|S|303|___1	-1.5221388215159	-0.720721297890734	-0.685912437294839	-0.839425060173361	-0.480067180491379	-2.12027853915571	-0.650212914301399	-0.49656929451721	0.341174065740373	0.28729717220261	0.135344306654823	0.749119253030245	0.418093577395503	0.586181320150793	1.42600435684936	1.26498841014869	1.12906718006167	1.17805590310647	cluster1
ddx3|S|634|___1	-0.579143599773048	0.165882659146902	-1.00824284363672	-0.920722800759875	-0.646231738552026	-0.515357199854382	-0.689120303992045	-0.0499738858133606	0.743944948672115	0.974665466184115	-0.535604669153171	0.0759074511767522	2.01152247477084	-1.14334301645277	0.136244912452282	-0.798871614967239	0.402801999634518	2.37564176091711	cluster1
ddx42|S|214|___1	-3.85576485642493	0.599709142478932	-0.15559780986201	0.216729280879324	0.373195661825392	0.0786023593583538	0.191175823118486	0.141496590419229	0.613540752567103	0.584738658617635	0.0444678625567302	-0.0908523036191373	0.485160698099386	-0.297233296321653	0.228272550091742	0.451741488768102	-0.0449410846078145	0.435558482055125	cluster1
ddx51|S|89|___1	-1.23882579123918	-0.854259430691006	-0.121280489454919	-0.814748200477962	0.986085306817145	-1.01521329033101	-0.767219345307373	0.423984368978452	1.07294904977775	0.527873794253757	-0.911079183262175	2.47011995917747	-0.341236919353946	-0.364057870583166	0.722388812377297	-0.967506892317599	0.0926096514687572	1.09941647016771	cluster1
dek|S|15|___1	-0.619253423687263	-0.597362932796814	0.116309958726726	-2.64517019329106	0.315922505931353	-2.05114551611296	-0.49171970229877	0.427976139397052	0.201078082500851	-0.0777515933650254	0.541802116812039	0.697396652311323	0.516392936079325	0.353262504738311	0.415198148837853	1.02967950329568	0.531675757225694	1.33570905569569	cluster1
denr|T|88|___2	0.842756121193181	-2.7077614936094	0.391081230520681	0.579549102886496	0.256940502211781	0.0201826177291633	-0.583164346247642	-1.06597985792167	0.950558289414187	-1.87897443008603	0.293042614613929	0.684151377468294	0.757950800334723	0.417544146677482	0.384135618929032	-0.530073419817873	0.428213728386551	0.759847397317124	cluster1
dkc1|S|519|___1	-3.13766020218356	-1.56999236442517	0.195052640439494	0.849061640875609	0.0899844199737762	0.504635958915004	-0.146767073755031	0.602945396172603	0.361063848389537	0.137730241590625	0.842349137528997	0.986275477978098	0.209451327263146	-0.433266924027649	0.696571566222843	0.343735226370005	-0.753318618387709	0.222148301059386	cluster1
dnli1|S|169|___2	-1.79970424839485	-2.33305768529034	-0.498739343953731	0.555957922943703	0.0707027999253191	-0.40522234472765	-1.39887430306126	0.265817092230514	0.970596997032088	1.20060920128032	0.171683187177065	1.26077749974948	-0.355792398713097	0.15353996333199	0.632595266712576	0.905000508844871	0.235090745115392	0.369019139797616	cluster1
dnli1|S|179|___1	-3.01996710027472	-2.09733224302862	-0.136912366622006	0.202565380123051	0.106031023005226	-0.0573648562756092	-0.303349675553348	-0.0241376301096908	0.433827819372612	0.329350281650754	0.263468107856094	0.700427186797112	0.548509453911841	0.189401936992219	0.816615542316928	0.804481572837198	0.495002692201067	0.749382874799891	cluster1
dnli1|S|179|___2	-2.06218779325387	-2.38385384003282	-0.810639059446239	0.0939287529860668	-0.322253386550088	-0.73043361085907	0.406598918864428	-0.154912374011036	0.449546589467633	1.056660380469	0.132593480100854	0.698421741411217	-0.397481773910262	0.416864372722866	1.08609147350638	0.756839895980594	1.11402119688197	0.650195035672369	cluster1
e41l3|S|477|___2	-0.895607830827412	-0.676359959498894	-0.550693566476062	-0.0875444019223377	-1.83287984701294	-1.23610793167994	-1.03176055902712	-0.219766123637955	-0.668117431406619	0.786342156932807	-0.0630473584736993	0.627219227580692	0.306511270773515	0.452432120162852	1.12201203444992	2.20296094713852	0.880497597026824	0.883909655897849	cluster1
e41l3|T|486|___2	-1.08362976069838	-0.452865899208085	-1.11879923318839	-1.25901543134469	-0.505971518857762	-0.759848534314607	-0.975108592032967	0.115049859172739	-0.472221003453012	1.0673609662386	0.0444229656526453	0.49961407626964	0.184770705891518	0.405814147436515	1.41808785375597	2.45226186862862	0.945406468397375	-0.505328938345735	cluster1
ect2|S|15|___1	-0.667865631200692	-1.72295053884897	-1.23514329123038	-0.323223823346585	-2.03313697736598	-0.192137951237669	-0.459389159629818	0.444167193879274	-0.0585041141108772	0.961269265075197	0.108868792200431	0.700545905311358	0.75984669912137	-0.274052758382566	1.64538053326482	1.29862567115362	0.104705315251303	0.942994870096164	cluster1
ehmt2|S|202|___1	-0.956918022903868	-2.20634096590106	-0.830344533120396	-1.56196794743586	-1.27308255939398	-0.522484570658521	-0.180657222405095	0.426577860736019	0.656420144187924	0.792434633395497	0.814137610424492	0.437619360793624	0.718924908845694	0.122495028348987	0.40318790359604	1.16560084537109	1.10626541179331	0.888132114326096	cluster1
eif3c|S|130|___1	-0.351830268421173	-2.30893290310205	-0.0890244225116564	-0.393540957449907	-0.139679992395679	0.76587438284834	0.197108086915384	-0.81798960171332	0.0551284706754814	-0.374122123701272	0.915064327121885	1.36353937948704	1.70295427724479	-0.432985805347433	1.0671698699475	0.915858478962913	-0.961531610884653	-1.11305958767619	cluster1
elys|S|1313|___1	-1.98873802587626	-0.709592689270407	-0.845528119523144	-0.457580942906528	-2.53375017012894	0.182627241889773	0.614875981786209	0.360218507226734	0.633380369172356	0.337209279074628	0.902519315833199	0.899934879541264	0.825267682871243	-0.538469096568447	0.309345493544531	0.84892235536289	0.748925913379232	0.410432024591662	cluster1
elys|T|2076|___1	0.62399228342773	-2.37688518515881	-2.37358657937741	-1.02266140041245	-0.508722833993607	0.0431408740561638	0.868186763408031	-0.300572985042133	0.334274430990873	0.573481560421434	0.939871978957116	0.0895383432948482	0.421242466706972	0.423531033836471	0.538862503213349	0.676212336871238	0.832246382195998	0.217848026604178	cluster1
emsy|S|210|___1	-0.83973711611162	-0.642206734001629	-0.298532094120404	-0.913624840354721	1.45293704770829	-0.034928030867561	-0.511621093049377	-0.803740382295104	1.96326903541502	-0.165228821477529	0.713121523401713	-1.06453920537294	0.659772555371029	-0.134805649985214	-1.013464972944	-0.1837709743197	-0.36616312788894	2.18326288089269	cluster1
enp1|S|782|___1	-0.911925923247783	-1.66616252435222	-1.38022943106697	-1.8408279401623	-1.68297493812955	0.420734744081819	0.672300279377887	0.722856869138636	0.455432532600236	0.539407701785506	0.355790135658353	0.937367037939919	0.53540708121854	0.119405172538176	1.18730266225302	0.782559498472356	0.422210933365169	0.331346108529207	cluster1
ep15r|S|256|___1	-2.53342941063197	-0.917452539031545	-0.157034810039436	-0.0414857317181373	0.204827575282045	-2.51968816967861	0.408828767113763	0.155943224466952	0.472417170112897	0.239051683509196	0.610089498821207	0.654678679416575	0.70559281972715	0.519507324192485	0.367165015899218	0.750513970825238	0.521360906044396	0.559114025688581	cluster1
erc6l|S|1133|___1	-0.768450079031649	-1.31884515155769	0.597298746465609	-0.572445011421024	-1.32156145891507	0.0125301210505861	-1.52036359382453	0.0661124479130741	1.01138269045515	-0.382710166172907	0.265131822472382	0.773308542730232	1.23882273333054	-0.00770785429680488	-1.36110212376728	1.70417103868692	0.273220476318621	1.31120681956384	cluster1
erc6l|S|826|___1	-1.53008643135103	-0.318540434735545	-0.333793967543911	-1.88987542037646	-0.994098596065452	-1.47003019591577	0.702962640106151	0.345381352772646	0.172740887592817	-0.124749427512584	0.497797780203813	0.739959888089492	0.156309689041681	0.931604646497356	-0.30340580468099	0.808524969330413	2.0884229552126	0.520875469334777	cluster1
erc6l|S|912|___2	-0.883018743669635	-1.69195424059388	-1.11839756087212	-0.83361914692749	-0.920838674080118	-1.20902231314152	0.507962502334254	-0.263252803394257	0.873663947504172	1.36352311056924	0.670825277514786	-0.803776806135473	0.241874674247243	1.52413113499808	1.02507670488278	1.05544011244522	0.679928607322258	-0.218545783003536	cluster1
ercc5|S|386|___1	-1.07538385203209	-0.554242306382464	0.674495430641592	0.153232566429686	-0.400769724235458	0.15930191338649	0.0503468564563822	1.37663561014654	0.44199327721794	-0.340349226733086	0.883326789049436	0.78769329261624	0.667876773716032	0.242176633242304	-0.664761035971985	1.49363482240955	-1.44836391087619	-2.44684390908092	cluster1
ets1a|S|249|___1	0.019207834698992	-0.570293752531959	-0.650645523773114	-0.63025448155674	-1.2642796931296	-1.24222915383833	-0.795775839090931	-1.08254734947259	-0.151255619589665	-0.534183201275587	-0.380777294131776	0.162326938607921	1.01061787357026	0.74219007292182	0.352482188036184	1.99573583017875	1.81718657280574	1.20249459757063	cluster1
f117b|S|95|___1	-2.53050088148086	-2.25812017618446	0.4292239887441	0.743539014237934	0.49307685790701	0.618149920977713	0.636307533494211	0.533878272287631	-1.22499995678882	0.594131546031692	0.159844889584239	0.506359707277008	0.50457145795429	-0.297910913961182	-0.268967196698597	0.69410585632456	0.0258084891193324	0.641501591174206	cluster1
f263|S|534|___1	-3.0036149552124	-2.20142091950189	-0.173445823175014	0.147950678636181	0.30888072140009	0.694989031373148	0.0510625422217209	0.247151634574446	0.316753348470279	0.155928375774726	0.210438181174765	0.556682840708424	0.783127682800811	-0.0365475738300601	0.753721386718858	0.680032123252016	-0.0498029816471615	0.55811370626106	cluster1
fa40a|S|24|___1	-1.18826345005961	-1.6771572489559	-1.29566696496209	-1.27258985908739	-0.963219227162845	-1.37760366658812	1.28178957679009	0.766657314006078	-0.0544069920462814	0.662962785848293	1.00495634076009	0.568532605542744	0.0060211225966472	0.788704487738196	0.961597297990558	0.693598687333501	0.643493949995899	0.450593240260144	cluster1
fa63a|S|403|___1	-1.74775803745213	-1.84524270373645	-1.38941374712407	-1.95054812732806	0.154278878841252	0.414528171524607	0.806729900096075	-0.0752260383535343	0.52970288102638	0.047654199633823	0.957064414035429	0.402552918638889	0.872671117171911	0.723655249436254	0.261101353250861	0.510095765545911	0.883995186320402	0.444158618472454	cluster1
faf2b|S|347|___1	-2.07849656573027	-2.87376508965387	0.357048036752999	0.366390569051032	0.798308309460993	0.730401851218731	0.849582816880195	0.762868290105146	0.779507418508995	0.579908613592079	0.403481382009637	0.147594703611761	0.239091967493172	0.137790400718597	-0.00297438388986207	-0.359886896782538	-0.399545893934275	-0.437305529412531	cluster1
fanci|S|1309|___1	-0.621165250673661	-0.663431467828907	-1.12238122211736	-0.893682863745862	-1.30285006315911	-1.3367135546316	-0.506150166368515	-0.529841976489744	0.981289294989663	2.14606959745978	0.749488506283499	-0.157455602105722	-0.202755457793587	1.16868215273935	0.057276530390754	0.0185061994799392	1.30181821443494	0.913297129136144	cluster1
fbxl7|T|159|___2	-0.863727574847291	-0.807850422241193	-0.924884123414755	-0.983476281853252	-0.859113466605704	-0.806343309850731	-0.871146983068851	-0.878508126459048	-0.845313882725812	-0.821352283632885	1.13590258056493	1.15349181025892	1.12724875400455	0.86948892029933	1.17238600973406	0.937730723774592	1.09346907671358	1.17199857934956	cluster1
fbxl7|T|162|___2	-0.781988459815796	-0.865109842171788	-0.821335219770959	-0.831753842270341	-0.919741440551144	-0.921412354494566	-0.822339215482251	-1.00237555663156	-0.806986351206875	-0.884527708777071	1.13610100098609	1.15392725207898	1.12733056090068	0.86609731776101	1.17307605790519	0.935258704868088	1.09309568991988	1.17268340675245	cluster1
flna|T|2121|___1	-0.967487285764912	-0.227860131652737	-0.876344826770986	-0.763368557458599	-1.36723074123208	-0.307508946556546	-1.38533739910535	-1.04348242186514	1.03988199483869	0.52771855591473	0.0149913688869381	0.729914790204109	1.17598651312239	-0.786385788532995	0.173338760154206	1.13195681752357	1.15912804465644	1.77208925363828	cluster1
fmra|S|409|___1	-1.92831130130127	-2.04442914265131	-0.829215107470574	-0.47509232378493	-0.361977861781324	-0.494483758049732	-0.374348494112434	0.205049815499466	0.53181369442537	0.46587068571377	0.00659754046076994	1.0300078382235	0.804034953895225	-0.0641697443544677	1.739166378868	1.53024017338054	0.0307795608399973	0.228467092199417	cluster1
fnbp4|S|808|___1	-1.51553163336701	-0.697198658112237	-0.621164080672082	-0.0269115920913939	0.0243814580384734	-1.03768013971826	2.89758785490668	0.616397214183639	-0.0458609303555598	0.566766328219799	0.756533607675121	-0.414090018353603	0.284621752810441	-0.909581576810455	-0.141704859892924	-0.717103686165586	1.19263619484636	-0.2120972351414	cluster1
foxk2|S|374|___1	-0.594621315344328	-1.54445725365838	-0.216681312945434	-0.394279972226356	-1.34056939837091	1.1610700089954	1.13920790287349	-0.270957362365657	1.7580384025934	0.502107875846973	-0.217175490033194	-0.221338004821405	0.617527623588998	0.622482278874941	-1.89504854315141	1.13104094162766	0.348765444122156	-0.585111825605966	cluster1
fubp2|S|204|___1	-0.314407771541492	-1.09729658935042	-0.201960198720243	-0.486686870817187	-3.09973529303515	1.6002031153009	0.768622701613233	1.05038668601632	-0.222052445917139	0.145988700161807	0.166139633839114	0.61711783338599	0.817879414479	-0.350060202286638	0.384265521948304	0.237250219604653	-0.209988194123856	0.194333739442804	cluster1
gcp60|S|13|___1	-1.34538024421522	-1.23073758049505	-0.810635818944505	-0.483692912818435	-1.35095747457899	-0.897682694823752	-0.714927995402723	0.168387188419377	0.677522861674177	1.14795108571825	-0.131207588621196	-0.110179322572229	0.798057215996495	0.954197628345075	0.753326500262574	-0.593635422754693	1.18660753874781	1.98298703606303	cluster1
gen|T|653|___2	-0.883355093689137	-0.622307699773036	0.556855846182994	-0.412711634007959	-0.193702689397086	-0.891381634541257	-0.711203575351641	0.17601147333412	-1.0760291130778	0.145307455466712	-0.554106045841898	-0.215663004996116	-0.149805336865772	-0.175210271985374	-0.422219796719258	0.684162392280148	1.87673311421775	2.86862561476462	cluster1
gen|T|663|___2	0.426610474653435	-0.719388845651748	0.315850551686033	-0.175016325306436	-0.307509343919501	-0.0637111134349038	-0.381254408206631	0.17952794476054	-0.43152275577865	-1.50918803577525	-0.0738479029466751	-0.352126379769603	-0.767562963392344	-0.166938983780421	-0.379413867271756	-0.268354640817718	1.45795627264257	3.21589032230905	cluster1
geph|S|235|___3	-1.04830346807667	-0.132446340160169	-1.31744483088344	-0.747167643217015	0.0219836895415909	0.184513411949214	0.149225418593957	-0.0393771428512532	-0.77102209710802	-1.31255037982275	-1.31639675934135	1.46102031137774	1.17556090845756	1.12691555804409	2.09865762723449	0.265376443142592	0.416593981081736	-0.215138687962311	cluster1
gle1|S|56|___1	-0.797455724508237	-1.26145413915288	-1.6650632024195	-1.81751877664576	-1.63473611895008	-0.470034131992981	0.775914324018885	0.890965696854693	0.122285229339523	0.635760411453649	0.943172166681353	0.387525759543997	0.451006105267619	0.896802944808136	0.608698353875731	0.620330410336018	1.05871752185962	0.255083169630205	cluster1
GTSE1|S|272|___1	-1.17410339890041	-2.06278568361897	-1.60700465724531	-0.338585910069606	0.102250208112637	-0.341365985207463	-1.23934343740243	-0.561267744712184	0.899590720408028	0.202492732091365	1.03305447295505	0.961249071349138	1.32957130142389	0.591967280970019	0.0844914998447909	1.09211717254732	0.470561482787931	0.557110874666203	cluster1
GTSE1|S|282|___1	-1.70440983422117	-0.349931162655468	-1.74947732524783	-2.17912474261095	-1.20706617998769	0.136009085867991	0.0935362928315207	0.341361236942085	0.820143105141114	0.506647279403698	0.604891645412574	0.767916238678109	0.772862246347834	0.457839113664684	0.581823540969073	0.812105346295335	0.778327524067855	0.516546589101238	cluster1
habp4|S|332|___1	-0.180736813386494	-1.97939706856958	-1.04403568172846	-0.610057362842553	-0.552791476556618	1.03690525246426	0.92731879529432	-0.521434940736175	0.946465298485984	0.585671209850336	-0.1158671213544	1.09782519814137	-0.415375043421294	-0.438503844134566	1.89928179081749	0.940046958525749	-0.277494735894463	-1.29782041495492	cluster1
haus5|S|277|___1	-1.70917189640155	-2.12979360792687	-1.63973266388971	-1.12636016204659	-0.437799052190845	0.358045743062589	0.105695744987514	0.233010586851472	0.81258078674794	0.704454245979397	0.642510540143865	1.00529723545155	0.852970170982531	-0.131124452503528	0.205945871276783	0.874521672000981	0.93163176567963	0.44731747179484	cluster1
haus7|S|379|___1	-1.78731773157537	-1.94080220118444	-2.29900730978533	-0.332988636105359	0.168449596772784	0.361210276344023	0.268731036402063	0.37274299744222	0.707075475065933	0.749512989794987	0.605581638567749	0.768733285664742	0.697677587351384	-0.319993370404429	-0.197708695047136	0.894942166779672	0.623581835716041	0.659579058200472	cluster1
hda1b|S|393|___1	-2.00220909958018	-1.32228173266739	-0.415551871805102	-0.811915065849261	-0.881045921650834	-0.706369555681239	-0.52882545848071	0.0249670027661756	0.660621205243012	0.577549468799084	1.02751890998039	0.513060638763296	0.390475247558034	-0.920848202354165	0.298630097869054	1.23350351544087	1.26162209532513	1.60109872632383	cluster1
hgs|T|248|___1	-1.51697732667737	-1.48495799462845	0.000573074546666667	-2.04209948065729	-0.718710676297476	0.56830111185007	0.0359611152130133	0.739979857058101	0.920087523010829	0.842442854892287	-0.00454120044009255	0.865002222181832	1.05883713564719	-0.0328420966407275	-0.18836446590559	1.08174912598063	-1.13343327352092	1.0089924943873	cluster1
hirp3|S|606|___2	-0.991107481769784	-1.27727347644694	-1.29328285616706	-1.0779473413405	-1.07208103643221	-1.3108983377556	-0.138460635418256	0.486191108068492	0.783841966276355	1.47099709564581	0.755194298964704	1.08953452008027	0.883249542849653	0.101148422296443	-0.735202033810614	0.692507068136176	0.2052547872572	1.42833438956585	cluster1
hirp3|S|608|___2	-1.13095087924813	-1.68867542438376	-1.00355039265307	-1.45385296546232	-0.678799656416846	-0.80702418258481	-0.26473938494525	0.382336048061464	0.707758797769875	1.43458897792802	0.779417589165149	1.08543783385156	0.896626033115736	0.18077205813591	-0.832984841216241	0.722040221725325	0.276060190602903	1.39553997655448	cluster1
hirp3|S|631|___1	-1.50081760599316	-0.869303052333386	-0.576794448772281	0.21852274689482	-0.307234220275032	0.350271385436771	0.133699271052339	-0.856038974436847	2.00315137055054	0.15489482236181	1.31557927794033	1.95230227066983	0.960835836552166	-0.476069812142791	-0.235610446399815	-1.01197821918572	-0.781531611064797	-0.473878590854781	cluster1
hirp3|S|64|___1	-1.72535571881831	-1.37594688051461	-0.618688945733566	-0.419869203443247	-1.15506141070978	-0.124415398153537	-0.44942951114012	-0.955748996065416	-0.412820368527928	0.194548025666919	0.1283465828188	0.666892346561473	0.98249024718882	0.401608827299203	1.60845007040139	0.996056848251241	0.361668284185237	1.89727520073345	cluster1
hmgx4|S|98|___1	-0.706264436770881	-0.653557576901246	-0.615184022484351	-0.358329827309798	-2.49474069474961	-2.05722501601787	0.0936452519505823	0.427659533418072	0.250098870540016	0.311746909708749	0.231948998861839	0.725298275630588	0.580798180258116	0.651707858308329	0.711851117555312	1.15551814022122	0.70899983794967	1.03602859983126	cluster1
hnrpu|S|220|___1	-2.64743584928624	-2.31189842059432	0.237673904047594	-0.0584220906165727	-0.00866710829484866	0.53814217304566	0.246316821257893	0.717769124850127	-0.817610805498624	-0.471595833772434	0.576606605237692	0.75849099026779	0.611760957872565	0.192002933962781	0.504350902623194	0.702201156090603	0.557334968381737	0.672979570425402	cluster1
if2p|S|9|___1	-1.04482132147425	-0.678541845916397	-0.899241169164907	-0.511044942042886	-1.01083743055471	-0.621130735652341	-0.974583364701254	-0.870622937885307	-0.873474809046607	1.14391345772889	0.392322697434521	0.0865461942900948	0.991696889577917	1.7713211662177	1.9178348107428	-0.0362171739239898	0.113976454851928	1.10290405951879	cluster1
ift57|S|180|___1	-1.83973027369652	-1.29655651654662	-0.134994886298413	-0.316001653887592	-0.251667045047385	-0.729642841799776	-1.04727036975716	-0.304937701165007	1.01410623542544	1.456041262586	0.187778668448968	0.846916232833774	0.878052781359096	-1.58063723043493	0.998364361992017	1.05095921324028	0.228401259602492	0.840818503145346	cluster1
iws1a|S|408|___1	-0.544301881516076	-2.18864101996229	0.124771164956688	-1.75418637515324	0.303505744446041	0.0162796250142735	-1.54165550363357	-0.865853408775362	0.663462937052018	0.16522639438287	1.10267618418084	0.485263530202575	1.16731707048928	0.700120501815011	-0.0876578072663731	1.04248563117933	0.570521401900471	0.640665810687521	cluster1
k0664|T|19|___1	-3.09573433512424	-2.00063829454182	-0.170581774622834	-0.0335116077377159	0.19481009725159	0.143729706572148	-0.189500227270762	0.150956097505432	0.73128023894743	0.21875622171632	0.526735016154968	0.963015643345938	0.130867206374078	0.188028189780063	0.790782097829628	0.737678318583251	0.391795331366015	0.321532073870511	cluster1
K0947|S|1342|___1	-1.17042850352282	-0.892420765800748	-0.486052737515157	-0.942740050250232	-0.748104930514965	-0.69165601654422	0.0254540018259281	-1.32622089201288	1.28737420330192	-1.11675433026057	1.02493081445617	0.188662042393101	1.49943885606365	0.488564026820358	0.666655101729868	-0.517033793256455	1.51145348209971	1.19887949098733	cluster1
K0947|S|1371|___1	-0.971410270363288	-0.605196149843882	-1.29279540325339	-0.76970679606217	-1.63772653735175	-0.489979569839045	-0.14472034787175	-0.0403466392943189	1.04298969730808	0.630977028010459	0.511213841448386	-1.11725267125907	0.0431152534782226	1.89904949334771	-0.179898499566293	1.58027742489471	1.0536518929405	0.487758253276882	cluster1
K1143|S|120|___1	-1.29825918956956	-0.578651064414054	-0.74700989967948	-0.671104026785117	-2.13375704815985	-0.970830900902364	-1.18970226926777	0.165086329838257	0.0255848224846722	0.432593276125276	0.278908334214499	0.840563117279382	1.15839557711713	0.703287817112901	0.735315466022808	1.34060962768987	0.77479535311955	1.13417467777385	cluster1
kap2|S|101|___1	-2.77494848703336	-0.224526257353911	0.587882117841689	-1.10383470905388	-0.230492892078829	-1.22496386361399	-0.214758321322866	-0.612988225069054	1.14629039078126	0.428066984096605	0.642598323615903	0.242180561388859	0.247099727581871	1.07719400557613	-0.548385820044719	0.982547246719911	0.748851720806727	0.832187497161628	cluster1
kdm5c|S|1489|___1	-0.639952270489084	-0.742609646119383	-1.09735312232164	-0.651546994347316	0.979569380804382	0.394641544039435	0.744074113012274	1.01663186192412	0.914677521345437	0.294229467142523	1.13419521200488	0.21740344902398	-0.851649257598931	-1.11068565849651	-0.277054642485613	-1.03405729929303	-1.39086454730946	2.10035088916393	cluster1
ki67|S|1459|___2	-0.655209671211929	-1.63096390552936	-0.89122058680047	-0.676972040702071	-0.45525315510139	0.184931117423324	-0.656721606089631	-0.110673252163322	-1.60537455902904	0.669748116048266	-0.427639205211113	0.368795649694916	0.60022983775844	1.32990833720004	0.414065223563184	0.10508167358765	1.26608596703479	2.17118205952771	cluster1
ki67|S|376|___1	-0.289999203763152	-0.0818682724924438	-0.214743154517006	-1.00442030054763	0.243600673357583	0.662062855281881	-0.0961498463263448	-0.973975177820027	1.74608554007082	2.49167357037939	-0.0177331078269602	-0.0759812864397386	-1.16370816065612	-0.685074152112712	1.30740109594637	-1.17153227719881	-0.308069194949202	-0.36756960038589	cluster1
ki67|T|1807|___1	-1.48099306174572	-1.10006139539142	-0.909653830612405	-1.39372761764929	-0.680782959400912	1.14494340814627	-1.01169644156527	0.395447426233337	-0.016567305689205	0.947219862581988	-0.263171894830975	1.18834935875575	0.662758260333436	-1.08410128869805	0.598585887740748	0.457777047054385	1.46092830535923	1.08474623937811	cluster1
kif2c|S|637|___2	-1.89169520738174	-1.17156806139044	-1.78439902060964	-1.37543748089478	0.285290466838749	0.171784253437126	0.551897120558039	-0.889214948993528	-0.605170538442671	0.813238089841808	0.348459596686709	0.620462145079403	0.806759864065066	1.1700878974864	0.791332713132497	0.579895065044775	0.739658680369445	0.83861936517278	cluster1
kif4|S|510|___1	-0.617360515712037	0.481625525208142	-0.723657741234579	-0.310695103333896	-0.736684843960365	-0.19922750889631	-0.755664220852771	-0.922821925478995	-0.511438253335777	0.187569869652692	-0.614012336741039	-0.171502059245503	0.134251966524899	-0.237773910117933	1.90373931959107	0.510170198698917	-0.405646172241398	2.98912771147488	cluster1
kif4|S|511|___1	-0.66805353151441	-0.478928442563013	-1.19546726180646	-1.31331202377585	-0.530454159911807	-0.720000745483759	-0.37499744944859	-0.849936744347123	-0.617264710380272	-0.238371007011101	0.033558554958865	0.393325017818344	1.22121927744001	1.60346235527231	0.726889194743144	1.09740328544669	2.23862095709665	-0.327692566533621	cluster1
klc1|S|619|___1	-1.55705050034774	-1.87491006086548	-1.70878558913933	0.0875039214604739	-1.1532435792121	0.122342145451957	1.34044317576384	1.37586543469558	0.803787277492313	0.0956799657118829	0.0364289014682612	-0.270036375610417	0.320231092551311	-0.0465085615807857	1.23902626986694	0.0203296391248656	0.434409653526686	0.73448718964175	cluster1
klc4|S|644|___1	-1.61939914684408	-1.10208642250044	-1.44906981567655	-0.493554538663808	-2.38518837367012	-0.274757823969165	0.773959648751788	0.577462175088435	0.769278098303832	0.42334133422991	0.378174335788199	0.713945503989067	0.364118082689962	0.194420114159415	0.956415372650427	0.874106336183655	0.594369705695313	0.704465413794151	cluster1
kpcd1|S|201|___1	-1.25182033713559	-0.980150110191643	-1.60905116533792	-0.61120974477871	-1.25991054798159	-1.4368825237479	0.547467432385305	-0.20670954652211	0.844447105596178	0.696842243828946	0.132847558322647	0.138164815333605	1.16156371389209	-0.324580929486647	1.51748423527188	1.18753998585997	0.893059993351607	0.560897821339882	cluster1
ks6b1|S|427|___1	-2.41866221255685	-0.836425991525823	0.22471870540408	0.817188249577584	0.649304113531453	0.787087009586931	1.16953156522058	0.664931832350839	0.357381502473692	0.499530169321872	-1.63316593012443	-1.20992117381014	-1.19912027510828	0.354306162471366	0.358545161018473	0.381337108866457	0.542691509028829	0.490742494273365	cluster1
l12r1|S|23|___1	-1.68303482044558	-1.45966226868392	-1.30573908327233	-1.66631567473113	-0.460643954958751	-0.245500216900893	0.482275422935418	0.558213579181923	0.450558350241358	0.324397183241066	1.05491987374054	1.09292823635056	0.725743381447426	-0.994688138500432	0.479932717501259	0.92197587923458	1.0025055475796	0.722133986039301	cluster1
laml3|S|429|___1	-1.9287601062556	-1.46693682245688	-0.481247261679729	-0.518126611423779	-0.0833288128392549	-1.75707812634819	-1.04179089042529	0.498601163022748	0.13055650661377	-0.0823773201942341	0.651587850038521	1.14100905586178	0.522118981867412	0.739850389655568	0.508790880273352	0.952620661702409	1.1816167163923	1.03289374619509	cluster1
larp7|S|274|___2	-2.78751681338773	-0.659679996196977	-0.15350303612235	-0.808850957222479	-0.840014569532485	-0.928270460368633	-0.514948383132204	-0.325523430693293	0.787278039680786	0.765274487036088	-0.0980469564123031	0.834310565479147	0.374148247832003	0.867653717397372	1.24309009882213	0.973042494318085	0.443607712061721	0.82794924044113	cluster1
larp7|S|277|___2	-2.78751681338773	-0.659679996196977	-0.15350303612235	-0.808850957222479	-0.840014569532485	-0.928270460368633	-0.514948383132204	-0.325523430693293	0.787278039680786	0.765274487036088	-0.0980469564123031	0.834310565479147	0.374148247832003	0.867653717397372	1.24309009882213	0.973042494318085	0.443607712061721	0.82794924044113	cluster1
leo1|S|708|___1	-0.297399670017437	-1.11510166159429	-1.46524173950184	-2.77021344950693	-0.509588972852223	-0.286567473459644	-0.0792522606122032	0.261209028265908	0.816005998953284	0.867202173645001	-0.213325051067184	0.395605541536498	0.601551771291122	0.170675898721428	0.817950618160732	1.1709527695659	0.672513312381096	0.963023166090791	cluster1
lima1|S|224|___2	-1.38998501597092	-0.357859132561601	-1.04876095114386	-0.28525935154458	-1.53487310545112	-1.19767694131121	-0.873102808679761	0.265995914055265	0.468616150254044	0.146325641723872	-0.335256897472996	1.08067489616664	-0.20166723780428	1.48866012127596	0.0198487878971928	1.46517096335029	0.601430645867846	1.68771832134923	cluster1
lima1|S|228|___2	-1.85557732801719	-0.471957665107465	-1.14384281354629	-0.401356150777482	-0.678756447529139	-1.0544363401884	-0.973019559142116	0.134726134713179	0.331769366925943	0.0183497169262304	-0.449977543375091	0.92698155234849	-0.320064861279987	1.32373722176606	1.48679487904309	1.30089458923112	0.308418787186058	1.51731646082298	cluster1
lima1|S|241|___1	-1.26765293524668	-0.183864731213131	-0.853203602480034	-0.3829183713963	-0.879430728840966	-1.75484468915768	-1.03974783785819	0.786191028777046	0.644000659396429	-0.566985503750188	0.931249220541079	1.28621703981983	0.737013720404694	0.0820975795107476	0.396673468741599	-0.841495652449469	1.32110542499209	1.58559591020913	cluster1
lima1|S|336|___1	-2.08461622762593	-1.82562815637562	-0.683320677097912	-0.770246303044183	-0.843487167837625	-0.0389502582946017	-0.565453309415926	0.702034765176183	0.258057361332081	-0.540177893303133	1.14961127264363	1.22834001626807	0.487400141333714	0.134107639363044	0.48016108702151	0.997502985749946	0.616172316079001	1.29849240802774	cluster1
lipb1|S|433|___1	-2.91194576369013	-0.683136068136451	0.489658570348873	-0.0116707712247455	0.166254633028136	-1.50956903778748	-0.865831103274984	-0.0799781969343631	0.487471892834618	0.331059964685993	1.45875317651316	0.0792649521235597	0.247987688779984	0.115813030616785	0.270635083055107	0.580742302016419	1.14300022435145	0.691489422694068	cluster1
lipb2|T|251|___1	-0.86078570143276	-1.28955735776729	-1.3064591318575	-1.01275712356354	-1.14563416453891	-1.27871315805871	0.275715791796406	-0.452982343542128	0.812599806483694	1.0653982836738	0.407504060903865	1.26604254977156	0.278629720413907	0.13570061024632	-0.34564360926684	0.860719969852806	0.67887924982366	1.91134254706167	cluster1
m4k4|S|649|___1	-1.90205940836723	-3.00119622484312	0.190477447465924	0.530134196588121	0.48329083771742	0.595265936889328	-0.738587584115376	-0.151785571604729	0.223982668782896	0.0183597807291901	0.300827797385466	0.834647072185092	0.914509060579018	-0.10945035806616	0.0903306644902453	0.954821913738509	0.412433086969062	0.353998683476346	cluster1
maf1|S|74|___1	-2.58963827748338	-1.86921662697812	0.00779900187774765	-0.903186306146264	-1.37663141227357	0.0712129640469864	0.904998511721662	0.682011422609985	0.516804342817031	0.457073188838836	0.731642071065476	0.305553508495555	0.249775628402035	0.480958738231559	0.525642392859439	0.649840850705719	0.444915252968783	0.71044474824052	cluster1
map7|S|386|___1	-1.72953514554344	-1.93173126899808	0.197981799798447	-0.645240380817223	-2.31718229906781	0.40942055223174	0.606032060199621	0.997857760831257	0.652722852710654	0.372867269955577	0.745946426067938	0.608172958661982	0.845005057106183	0.0214243022660042	0.533337563754076	0.63221752912273	-0.125363039035548	0.126066000755882	cluster1
marcs|S|143|___1	-0.486801571463451	-1.61122833541069	0.396737851384723	-0.154004685353286	1.14484392034154	0.582768987945869	-1.75705767373015	-1.92641484641222	0.016868731661856	-0.570065679578621	0.341682057944172	0.800509528041909	1.06794772598794	-0.44877868626325	-0.261342538278433	1.28718400097694	1.05658141015576	0.520569802049382	cluster1
marcs|S|75|___1	-0.403749875897357	-2.25367858459303	-0.794611514400885	-1.62402595170734	-0.777954174857012	-0.325752268242274	-0.524958576200217	-0.292429990007366	0.000548165987465363	0.698859392204908	0.924723902708136	1.2664168516065	0.71601240882438	-0.327841322785761	0.438987013427976	1.30233335442028	0.934445589650956	1.04267557986065	cluster1
marcs|S|87|___1	-2.72707402336171	-1.54499950232625	-0.0837679599936244	-1.26013710282617	-0.7185055735762	-0.395832309832373	-0.238521689153553	0.727104119411019	0.456487845946763	0.44536288078611	0.904609196115106	0.570330618646728	0.707253374031575	0.892582949574624	0.635258100390707	0.812861203927814	0.211887418551408	0.605100453688018	cluster1
mcm10|S|173|___1	-1.91372123321889	0.174555708575777	-1.7488297622976	-0.117267718293108	-2.27730704785274	0.553588033721097	-0.48942808509802	0.74154625006332	0.489142921430773	-0.548895763911705	0.615825049080174	0.733271605725362	0.410179177472347	0.775887928078185	0.739308156111211	0.731054865788024	0.61351475787826	0.51757515674753	cluster1
mcm10|S|230|___1	-1.59134015905119	-1.83418821670964	-1.18901211910788	-1.60878116244045	-1.52852330355405	0.370532221830348	0.663945760558873	0.732773836144478	0.562977844249091	0.660832055198199	0.597763900954854	0.694058374397292	0.663650934863045	0.587259355253532	0.648415231612256	0.665259249562058	0.457486061823307	0.446890134415876	cluster1
mcm4|S|31|___1	-3.3519234349311	-1.30699543811602	0.680951166351141	0.822562347433147	0.311984824891226	0.513609244675346	-0.306194378912471	0.650207670506804	0.362528539113598	0.323426380699933	0.220117226688871	0.398111668917132	0.889276276594711	-0.316805840279435	0.0196735827128848	0.44630825626111	-0.648001726506721	0.291163633899847	cluster1
mdc1|S|1892|___1	-0.195633083192576	-1.94701997992104	-1.24520646470174	-1.62979542869113	-1.48117718455502	-1.00333773786788	0.1293916228373	0.31094475106753	0.824510081664587	0.739062098897657	0.471194316933344	0.169364671252144	0.757091809260153	0.465080872340456	1.08512833471603	0.962688445668994	0.695998574362074	0.891714299929121	cluster1
mfs12|S|241|___1	0.667216507048713	-0.810823260830391	-0.220427384744973	0.910834112337816	-1.25594405800085	-1.82081106487512	0.682812803377024	-0.420565470574857	0.820569063960115	0.966744089410051	0.657329122578429	-0.0176121046699284	0.671910501280669	-2.30680000533032	0.646781074976822	-0.526915593341971	0.511590598000704	0.844111069398063	cluster1
mk67i|S|229|___1	-0.283539613877396	-0.721831582041311	-0.316879559571509	-1.08631096858833	-0.427896379213962	-0.356061296189558	-0.385654757155723	-0.378200945550339	-0.0534999625507827	2.8323402413885	1.31747189489712	1.95690904325363	-0.301026935345853	-0.695416368088358	-0.367039253097998	-0.376858607809486	-0.254711069291892	-0.10179388116675	cluster1
mknk1|T|421|___1	-1.97409819335893	-2.29999766938012	-0.774707484990201	-1.2876037243288	-0.4277950024803	-0.0276312313325689	0.317262496256193	0.762846785859795	0.901561164999479	0.593659800913522	0.0187250974362898	0.162591750414606	1.31525589202731	0.385772159330175	0.73094398082717	0.846879677135614	0.177874219086743	0.578460281584019	cluster1
morc3|S|471|___1	-0.685613062259829	-0.518803497247747	0.323562374903117	1.18216384145601	0.0712310395914988	-0.70808815470987	-0.189632722136712	-1.42598391979058	-0.312624846647303	-0.0562869474117952	-0.362094655669338	0.499669795702019	-0.0555854296366086	-0.672993760193125	-0.679176545230744	2.79479502294484	1.55022488153402	-0.754763415197857	cluster1
mpip1|S|120|___1	-1.73369100918004	-1.36243376866926	-0.0312336748674154	-0.425834414189583	-0.711356260860445	-1.15736911928332	-0.101579703625752	-0.074962327654363	1.28866289089094	-0.599470056434489	-0.90835010931204	-0.0396330319344562	1.07323289250016	0.443048750082028	0.152175567410525	1.4753807724702	1.26107029323345	1.45234230942387	cluster1
mpip1|S|299|___1	-1.35844818267174	-1.15655215507619	-1.21676091753799	-1.02194305718683	-1.3219719521511	-1.18622366455965	-0.370997332915613	-0.443657967972476	0.345689807936366	0.377100627406149	0.390272201469265	0.889061517414236	0.577301144610615	0.864338881046265	0.965443757735062	1.39049234349156	0.964457910356842	1.31239703860523	cluster1
mrcka|S|947|___1	-0.854433059019849	-0.24326480505479	-1.85502662687615	-0.42475989520466	-0.918571499671016	-1.41330835261832	-0.607710845017538	-0.640259813997879	0.986500110016458	0.216470727745684	1.14241749404287	0.815481697734893	0.784201403628709	-0.777654216164778	0.0250215244461096	1.35994099280408	1.11054259487593	1.29441256833024	cluster1
mrckb|S|1028|___1	-0.292186973595172	-2.41841533860092	-1.06580228753136	0.597710694954856	-1.40389953504555	0.0480031411369446	-0.0754797862460287	0.866041045358576	0.564897589554557	0.653347305768721	0.909599579867267	0.284101885878647	0.592938197590206	-1.33094741577103	1.6955369189885	-0.168897098567674	0.183286266769231	0.360165809490226	cluster1
mta1|S|560|___1	-1.70466069685053	-2.53007523770116	-0.675417247641391	-0.901715714886263	-1.38062046713547	0.225637622261691	0.639803015344743	0.685548537951914	0.515281363167354	0.381826139293441	0.73978019274623	0.451512092777339	0.555807068369661	0.637047926415213	0.549007881247859	0.678177199353939	0.958180032534239	0.174880292751197	cluster1
mta1|T|548|___1	-1.20622476663093	-0.654895829450206	-1.82047737111512	-1.44769828460665	-2.07227222825687	-0.360479302430459	0.851669056597893	0.760606578941919	0.421882754815121	0.44857998190608	0.541749156334292	0.509138692802223	0.301431461253851	0.886382830951865	0.813711294798292	0.665032846329415	0.943472803963201	0.418390323796088	cluster1
nde1a|S|271|___1	-1.27667595207233	-0.764103953553088	-0.563553879999074	-1.40001640511266	-0.818723656027293	-0.939347225975584	-0.279631049981395	-0.386951501950241	1.05788800975066	-0.634494404858324	-0.0694258142922961	0.240137846043675	0.917870123836165	1.27067412771081	0.742134340390614	1.70154096095177	1.72327521696293	-0.520596781824346	cluster1
nde1a|S|325|___1	-1.49234731108638	-1.29980572248674	-0.84992699519473	-1.11763463862974	-0.934338987485073	0.0515493979219794	-0.150003484568787	-0.447664456871489	0.843301179001611	0.605473947856271	0.626502286805361	-0.584668199004927	-0.042712591182822	0.8988203837113	1.791182739087	0.597528574974392	-0.408245826318986	1.91298970347176	cluster1
ndrg2|S|355|___1	-1.46974090547127	-1.77250524415746	-1.30612161041974	-1.48720918925646	-1.30297857653185	-0.1928429224666	0.775863198313763	0.639814672677671	-0.230288364199344	0.559581337138032	0.332013375332597	0.876099861963904	0.405184174730678	0.635159588748176	0.887494641837125	0.634237415620503	1.00573526063308	1.01050328550719	cluster1
ndrg2|S|355|___2	-2.43120542082703	-2.22767089381105	-0.165392274656956	-0.220194765420113	0.31429488378691	-0.0616037304111392	-0.431794969586416	0.0402588326574008	0.596026613539201	0.407064138405435	0.357515595308695	0.76040315345503	0.759801484660234	0.700962589777902	-1.05034021503586	0.802086928833262	0.98487828983569	0.864909759488796	cluster1
ndrg2|T|353|___2	-2.32036083284975	-2.27569125462713	-0.185623196441938	-0.242382710543076	0.31119382144685	-0.0781283132966357	-0.461539259906621	0.027371810955998	0.602986326950337	0.40727591082539	0.355957965392134	0.77323283227015	0.772609677592928	0.711669617437591	-1.10217305396188	0.816405155342006	1.00572408387798	0.881471419535666	cluster1
neb1|S|248|___1	-1.64902134292814	-2.85395102085958	0.530043347474928	0.410166852589529	0.898802387916328	-0.0258406515704252	-0.93753773145885	-0.898105588658276	0.591305718304723	0.725937794156022	-0.139266382255963	0.0520942943203248	0.588030813719026	0.444831040634982	0.0503337339177769	1.01339812172376	0.630924839608956	0.567853773364872	cluster1
nmd3|S|468|___1	-2.63677882786356	-2.07735669559135	-0.195147372095195	-0.51148337849152	-0.351527640522038	1.24927358268961	0.0153973736619493	0.412135428246305	0.473116429602901	0.285876698596971	0.287092172149095	0.992296505460945	0.534473794437926	0.268157929223754	1.14522162001263	0.605969568018223	-0.399412373665711	-0.09730481387093	cluster1
np1l4|S|36|___1	-0.520512695816711	-0.372790505596032	-0.47743852709584	-0.444543599640539	-0.301492927798813	2.06688902460542	-0.292995356090732	-0.160689167961614	-0.933162667943076	-0.257339681417778	-0.697279338991387	-1.05115233710515	-0.176914671927817	-0.242317921652849	-0.239066865208506	-0.0797582396189657	2.45750251658844	1.72306296267195	cluster1
nsrp1|T|204|___1	-0.722415045420447	-1.28990010563312	-1.79585791975817	-1.404507616965	-1.13084653267929	-0.966223468066162	0.583494681708528	-0.402358528501608	1.06850156211351	0.299595159087426	0.923237615169004	0.232168439570439	0.794551381766672	0.593475702296279	0.174674435252043	1.48937228033735	1.18013660361443	0.372901356108114	cluster1
nucks|S|228|___1	-2.7780308426482	-1.79646632494542	-0.608459966445574	-0.171444679386774	0.324914098822785	0.654526706909549	0.579771204237922	0.422357593294739	0.110714578057785	0.403736428794253	0.613089850023973	0.676743096946104	0.584677888518747	0.547522277045959	0.477384200617373	0.743901287847744	0.573720558401251	-1.35865795609221	cluster1
nup53|S|66|___1	-0.273328271092713	-0.699614053118578	0.911761402053485	0.331823917687118	-1.1680914556411	-0.299461295096143	-0.906503905289009	-0.553557981213718	-1.01379613299608	0.23176273037976	0.376538476483904	0.124393534563483	3.13496740268506	0.443371375006727	-0.639734980435316	-0.75552202380008	0.815499497646954	-0.0605082378237431	cluster1
nup98|S|693|___1	-1.90305228968328	-2.14978078998393	0.668295808289122	1.29220284952002	1.2917862198769	0.216552433683023	-0.000800858365616618	-0.909920166206823	0.236500297872304	0.196095437248308	-0.495887687678111	0.286236178747458	0.45018111444554	-0.928414025406277	-0.692163239993229	0.966857872223437	0.505434879195525	0.969875966215631	cluster1
nup98|T|912|___1	-2.38846510913386	-2.91648857904005	0.254468468035439	-0.130363022080176	0.0601132745743378	0.60187656082807	0.360356030619091	0.291918237745215	0.489732072172208	0.298470405903697	0.640752531804159	0.651459316803114	0.436586554027091	-0.1960316421528	0.0954559372324481	0.608845903361944	0.422654718216311	0.418658341083762	cluster1
orc1|T|401|___1	-1.02830050075797	-1.25253728569401	-1.55579431119928	-0.831365080194314	-0.744111723189339	0.388389262747215	1.17779600871213	-0.96079234219897	0.977083385089081	0.835618938355408	1.36757761680393	0.405325491678705	0.903922106103165	-1.39437925006066	-0.423656398255251	0.85932532962544	0.455671752805104	0.820226999629619	cluster1
osb11|S|170|___1	-2.76725175809442	-0.105085360904445	-0.806503405102915	-1.54724747552369	-0.827586123105937	-0.688966098110049	0.097890769602311	0.607300758212579	0.112756504914903	0.334251550497406	0.769801744153598	0.400459596945117	0.360210863691484	1.08905260655938	0.384031584098766	0.682053139929056	1.20621339992582	0.698617702311039	cluster1
p66a|S|101|___1	-2.31626217039253	-2.07629882885515	-0.0815211206824664	-1.12944891657046	0.0882818677762298	-0.167035238774842	0.324079321780778	0.318506118336916	0.690348605517555	0.587990396990806	0.62497531578877	0.817572295751956	0.456314225637578	0.758532389232739	-1.18033440104063	0.797078390868104	0.749938556366532	0.737283192268105	cluster1
pacs1|S|370|___1	-0.724111078594422	-0.132874671377621	0.0480834081723657	-0.479497621213519	-0.82026028108889	-0.569657288855544	-0.629233367419222	-0.638733132792377	-0.906442738590263	-0.537047494057688	-0.247098745170383	-0.316412459604156	0.956536799599607	2.10454247918405	2.57462141247379	0.863840887598221	-0.650710720364131	0.104454612100174	cluster1
paf|S|48|___1	-1.61403821094269	-3.53568567989715	0.0659787166070479	0.151372136035061	0.20441404493659	0.234160459565222	0.162135814380843	0.351272706315159	0.360162823991695	0.265626183730445	0.395794372010655	0.467050897924172	0.459456011669949	0.396705543562672	0.403741960317564	0.454450392795519	0.338725658897805	0.438676168099436	cluster1
paxi|S|89|___1	-2.83077387227762	-0.476223978480631	-0.569556279445352	-0.218157165722589	-0.77429938909981	-1.08249079453591	0.269426157182443	0.31160380214491	0.539506234460849	0.614040129389468	-0.277764984089923	0.872921243187965	-0.13460580330625	-0.387794073578067	1.43459344662063	1.21232991481308	0.996105690748966	0.501139721987838	cluster1
pcm1|S|108|___1	-1.16914245272685	-0.385278180741191	-1.08111849936633	-1.84139462895793	-1.4539839563345	-0.434504123635398	-0.477972699115824	-0.243099041356002	0.348039817134797	0.315574011201429	-0.370556922807503	0.635295642293843	1.13861712712985	0.120493554025701	1.15278330629273	1.65766403928674	0.998200227291162	1.09038278038529	cluster1
pcm1|S|499|___1	-0.204266585253459	-1.07567092481825	-2.26298819107853	-2.10874313166685	-1.02096383635541	-0.468011834948809	0.0141252811185	0.424251918347695	0.667778085811867	0.752754246190814	0.892287309776715	0.483330744886881	0.600182208658277	0.732291727402887	0.816894877431928	0.869870089411947	0.576880889835244	0.309997125248544	cluster1
pcm1|S|63|___2	-0.743390320600589	0.0585264731760303	-2.54515603851797	-0.443301892429631	-2.34670702590145	0.069117514269842	0.695624011023939	0.163678895609101	0.506751857015817	0.475167251143778	-0.194791992882346	0.324037530129332	0.335845255509374	0.249340291391791	0.951441297956117	0.86739767647295	0.940621465039122	0.635797751594794	cluster1
plcg1|S|1275|___1	-1.88802279745855	-1.74031348456224	-1.75876104999791	-1.51288539241386	-0.238129585077122	-0.201163025244283	0.676919906516577	0.0076385153075539	0.721599148409768	0.676233355193168	0.62142558055891	0.72883745371261	0.644995385360015	0.572920951212859	0.77958788765984	0.621870626791878	0.586374714962002	0.700871809068781	cluster1
plin2|S|286|___1	-1.17213870216586	-1.26993335947574	-0.825818390365038	-0.786714946549317	-1.27918865425584	0.0692037370670428	-0.471445499419619	0.0938805618636153	-0.115050555468957	0.285222210829583	0.288312964635874	1.64423545921547	1.19467350534498	-0.983607906826838	1.76154663912798	1.46793366159904	-0.33885867483553	0.437747949679147	cluster1
pp14b|S|15|___1	-1.10096448983023	-0.640073604258966	-0.974806858944802	-0.911350298768703	0.4952384564797	-0.180141149060499	-0.662070946248064	-0.665214250645513	0.0664415427027242	-0.501424046831397	-0.636107738272367	0.124917841654336	-0.773860520148057	1.31421710481021	-0.103417771813156	1.56915995802286	1.26176204271363	2.31769472843829	cluster1
pp14b|S|6|___2	-1.97728869250803	-0.15547199726935	-2.24614252394579	-0.374469222889262	0.106143682842632	-0.173679538112995	-1.31493587437812	0.301757153495582	0.285443239777708	0.24246504048201	0.182504830283921	0.730020679486145	0.376758122934262	0.881213545395515	-0.413844491528625	1.29592805362942	1.17257875070533	1.08101924159964	cluster1
prc2c|T|569|___1	-1.69486100525705	-0.674948061191928	-0.58445971951891	0.699978339032284	-0.389011572198285	1.78222589250981	-0.119972671531634	1.31936972989177	-0.0273375744395027	-0.682729100876278	0.662341049452734	1.09866921760498	1.74945573946247	-1.15865943353399	-0.242351646476567	-0.893990378501968	-0.540038098681457	-0.303680705746471	cluster1
psme4|S|1729|___1	-1.48528252894113	-0.487122596998185	-0.604146606951049	-0.825938511203467	0.272924338836693	-0.478637643175248	-0.328387148278675	-0.0220984472868111	-0.377623838850546	-0.259934571378702	-0.908770936266864	-0.978869120015194	-0.528280732347433	0.646559005155936	1.31935247388215	1.82042994249546	1.88549528954033	1.34033163178273	cluster1
pum1|S|729|___1	-2.56261550807939	-0.25936286430097	0.286120272398909	-0.0303705656757293	0.0178243081175325	0.0251643555463107	-1.46438086933931	0.186754367479124	1.2988433477704	-0.776856330425376	0.413481575245681	1.15322367220934	1.27557310052774	-0.637739480754521	1.07681262687224	0.737708135053966	-0.757287647917959	0.0171075052719913	cluster1
pyr1|S|1415|___1	-1.90261773038834	-2.00642510956679	-1.5166353816269	0.156832844798388	0.16524620634362	0.968102623632725	-0.415435923802222	-0.827748094234271	0.841206855894129	0.182243031410765	0.821779823127471	1.09233955007513	0.220334609365181	-0.203522040635486	-0.212504543718891	0.961659461905701	1.09728654263634	0.577857274783457	cluster1
r3hc1|S|367|___1	-2.01531144732334	-2.17761144801909	-0.740475476821476	0.773125197223824	0.894866388860659	-0.0799216286020181	-0.152015958583987	0.0613684860348872	0.122783298412339	1.15589411607094	-0.170553873298782	0.187247918880291	0.99051117300165	-0.943736847360406	1.21690695123772	0.368124208527556	-0.514875600179527	1.02367454193876	cluster1
rab3i|S|200|___1	-0.634277483430623	-1.08827276599139	-1.29727989460173	-1.69212441191415	-2.43507356928947	-0.191785481584808	0.499372166385567	0.914535360424086	0.505206800420365	0.484067546650618	0.504828937333549	0.767387952020284	0.573360255694057	0.577772402314508	1.03210457769567	0.538611849810085	0.369413540107455	0.572152217955926	cluster1
rabek|S|170|___1	-0.297262372268368	-1.10466145819073	-1.20157183082009	-1.73880377544667	-2.11998266453631	0.535791136068474	-0.947102335570228	1.05508138543863	0.927155805708086	0.879683183064471	0.651568847270724	0.836830722439828	0.450366195230355	0.066141488045559	0.644592644873831	0.749496649012409	0.69500450680601	-0.0823281271259772	cluster1
rbp2|S|2116|___1	-2.23838228850085	-2.90989512074743	0.105502750907552	0.0179464489724331	0.397354300758887	0.200187098365306	0.135695975696019	0.222506438469308	0.452514292435205	0.462004548369959	0.414991558610485	0.604069454118266	0.449143824801282	-0.746665677613145	0.479598069878228	0.743951280092272	0.517148254910609	0.69232879047561	cluster1
rbp2|S|2635|___2	-0.360779263736677	0.0734858464732208	-0.164996917433421	-0.58442033205278	-0.261776211086089	-0.383587302606594	-0.328081338894212	-0.124996721997733	-0.340473268388409	-0.716986507856493	-0.166257539268367	-0.0874537709442134	-0.0635236770396565	-0.343265676602457	-0.284045154672113	-0.616522785379658	1.03332444478965	3.720356176696	cluster1
rbp2|S|2636|___2	-0.428564150625783	-0.186197341719405	-0.312667808160392	0.0620992904378926	-0.21644327911572	-0.810033764116367	-0.540358730959621	-0.137097780624856	0.0255955783600804	-0.327197385862868	-0.158577491193386	-0.832924744674735	-0.132415957612844	-0.39028338367852	-0.27062342517487	-0.131511044784366	1.14448094788607	3.64272047161969	cluster1
rc3h1|S|534|___1	-2.07475602128709	1.27554582429163	1.34559537567761	0.0972504164185786	-1.59614164904512	0.0385473121393571	1.11296142391884	0.0507630774606852	1.0136741771882	-1.3951319483751	0.395223137215103	0.776877274398725	0.572484381033508	-0.878278085676638	-0.169145092591899	0.291970014178675	-0.696707571944821	-0.160732045000229	cluster1
rd23b|S|103|___1	-2.42459378907384	-2.43154031633462	-0.489675462001486	-0.417355584469624	-0.585734360351612	0.0575078420031416	0.243071761126088	0.46356949535776	0.62242466794479	0.288353865285622	0.52401107616874	0.321717075942061	0.509829591592983	0.304774914869191	0.059231142813284	1.06841552680917	1.10055352017379	0.785439032144577	cluster1
rfc1|S|65|___1	-1.22471397181968	-3.1300081768709	-0.547055567374162	-0.732479469074159	0.195257789535615	0.00188507157212327	-0.0473967742444126	-0.5129450123692	0.410096102416453	0.140842354196597	0.773932473652683	0.856871036586776	0.206928483500988	0.598457141821649	0.249182504964715	0.918810135424202	1.05946188183671	0.782873996244003	cluster1
rif1|S|1717|___2	-2.17652932472723	-1.45186033415634	-1.24642795063638	-1.83836203782595	0.103314951169854	0.328020293649386	0.482055297988896	0.58939938035866	0.60469696828631	0.920069471586052	0.753874981123338	0.501920755869707	-0.0911025914669203	1.04000056255937	0.421707679853427	-0.305863182795516	0.997317449037096	0.36776763012623	cluster1
rif1|S|1719|___2	-1.77154107098495	-2.3248233051625	-0.948618464548055	-1.63338754352394	0.135751224193156	0.340489156890852	0.480836546959802	0.578641989719662	0.592580227649424	0.87992859971213	0.728502220492053	0.498936752027159	-0.0195777009881987	0.989202564278833	0.425851443161429	-0.279789458365051	0.95031228989896	0.376704528589235	cluster1
rif1|S|1782|___1	-1.08723083103684	-1.28187300559454	-1.2274362370969	-1.10006109185616	-1.32420498688303	0.361954113735188	1.65153943226106	0.157583384235127	-0.675007541899198	-0.492183850511683	0.596244973838512	-0.12758896648984	0.62340380135248	1.25601553504765	0.767765949815999	0.910579820519896	1.46375702792392	-0.473257527361649	cluster1
rif1|S|1989|___1	-1.98751007026899	-2.9845224433423	-0.599643643293961	-0.044620384937781	0.0935862904003635	0.925193942159891	0.229613907172943	0.447277823798273	0.683419575446751	0.470715222194125	0.062463711659769	0.689483387361864	1.03043948648203	0.38538272016747	0.194943102180099	0.492664912998253	-0.0589732084522899	-0.0299143317265098	cluster1
rif1|T|1370|___1	-1.77090276161859	-1.7517369330802	-0.34868745206678	-1.68210854356387	0.38856974887047	0.591954177179402	-0.438221824295713	0.640300296266573	0.590456866316053	0.678787077940315	-0.98345493387997	0.775022997395365	0.958517869395324	0.910043781283887	-0.884109355444279	0.921726864710076	0.697326066045552	0.706516058546377	cluster1
rmp|S|249|___1	-2.69812135899687	-1.94538669697865	-0.355409092365458	-0.977379001935464	-0.903227117101087	0.197312567939259	0.518535066238612	0.838406412960958	0.363119740631986	0.417003776263004	0.81609471307343	0.527780910808359	0.436062678810047	0.516034052229487	0.646083597487324	0.707374854962223	0.477539391502289	0.418175504470553	cluster1
rpb1|S|1915|___1	-1.4504786878393	-0.96667983421639	-1.68521771137428	-1.02322462318093	-0.670941387549051	-0.593111030193718	1.32586599901664	0.0519697846614633	-0.312192709130732	1.17567958543837	1.20682081266534	-0.436570125680804	0.906170429933286	0.93481084889897	0.35567195141194	1.33105769814057	0.550086499173904	-0.699717500175273	cluster1
rpc5|S|161|___1	-1.96268539940339	-0.64288676072494	-1.62951751558149	-1.11210562452756	-1.15105224481693	-0.586929476303745	0.819915046688851	0.467978739896994	0.737248050943169	0.858636728786216	0.83960295666972	-0.811038644394836	1.05512498610956	0.0460105289430019	0.768925753391226	1.05960987212218	0.755974326988741	0.487188675213228	cluster1
rptor|S|720|___1	-2.70371001000678	-1.59369227747289	-1.12779288516179	-0.539669027815828	-0.0369253498676161	0.588848318348038	1.05342072188379	0.779192557196601	0.568780513147975	0.491962288202673	0.26272631626026	0.824544979282069	0.817604273942389	0.176731361837756	-0.456689472174861	0.819524339334636	0.596516426187287	-0.521373073123698	cluster1
s20a2|S|257|___1	0.0795931827038816	-1.17190994975195	-0.35809152549203	-0.621643142635555	-1.13908139328158	-0.329039698820701	-0.360300543174956	-0.708215363872205	-0.150408026166159	-0.288508278400488	-0.552993095024041	1.68676419556739	2.1062583387845	-0.0394712342175492	1.58270590210365	1.455829078351	-0.736328734752846	-0.455159711920365	cluster1
set8b|S|51|___1	-0.0887468256615543	0.606103040303968	-1.41376829653498	-0.137381365503226	-0.801100267792359	-1.43331557407139	-0.197790152088054	-1.02447075690702	-0.284922514350891	-0.632666605266489	-0.594547488324008	1.49342381585331	0.707365186732246	-0.541947578040915	2.11282901024156	1.49086203955803	0.335114416780096	0.404959915071668	cluster1
shcba|S|669|___1	-0.658343083610129	-1.2837102602841	-0.757381817159066	-1.14193599836892	-1.03231491569798	-0.644940633573966	0.0960608414996651	-0.964806615939056	-0.509937669789039	0.741672266143425	0.0596686223780635	0.740595047839642	-0.200667431738409	-0.269889879481774	1.60209291153338	1.85934768835885	1.58522040341509	0.779270524474317	cluster1
slbp2|S|84|___1	-1.00242687527497	-0.692088135044889	-0.726802970058008	-0.840036875546901	-3.03663947662008	0.46078671163265	0.917924494437758	0.882112777938577	0.623061877165197	0.85472650521279	0.461332596931622	-0.495212456319634	0.43992448437562	0.0828029917789843	1.04736748298141	0.392156446464953	0.337515431348443	0.293494988596468	cluster1
spf45|S|267|___1	-2.13635590495492	-1.38341626920119	0.414351274012696	-0.00170836373629408	0.226734823466792	0.273784942793874	-1.25728421893235	-2.01340995985933	0.254711057318021	0.743614024218403	0.78615402961146	0.6933928348865	1.07948020898896	0.0777263709137977	0.0202523031844863	0.920663942576472	0.708869194814755	0.592439709897884	cluster1
srbd1|S|142|___1	-0.931162229405828	0.577640698203584	-0.511833813083168	-0.253577550275981	-0.793747944728086	-1.0016182278892	-0.617159124189223	-0.947212690333326	-1.15581578221631	-0.0590729407931495	-0.354579525379519	-0.188498534634002	0.557733962127668	-0.642446143884417	1.29969086745617	1.63570401705438	1.34650325138657	2.03945171058385	cluster1
srcap|S|1588|___1	-2.07380684150853	0.179307489724966	0.372315819209623	0.334508495222461	-1.82253842377646	0.00464549783942352	0.571042182795807	0.887909923002829	0.641700112447417	0.634704594183475	-0.82169233003041	-1.98631401109772	0.703986981999856	0.67813427770755	0.421284443844041	-0.336892924992249	0.801973940228114	0.809730773199812	cluster1
srcap|S|2003|___1	-2.77862619446781	-1.58832505452592	-0.322203324426627	0.183904945565724	-0.143734529988168	-0.294226766444959	-0.60205098205122	-0.233212911834506	0.42643502781579	0.413796942820029	1.67746623109916	0.674187423769298	0.822362558046494	0.60232084890373	0.265466989682154	-0.555673712759998	0.743563374666917	0.708549134129907	cluster1
srfb1|S|320|___1	-2.81412149360214	-0.806705158356588	-0.0250347403334735	-0.726321492616746	-0.762855051266655	-0.00216555156696077	-0.224760748176763	0.296457398041818	0.439601769389772	0.506125723032662	0.219145990331676	1.08326641022459	0.954678058119235	-1.03667669615689	1.27084955715286	1.30493142074654	-0.115831127135146	0.439415732172201	cluster1
srs11|S|180|___1	0.962649623943027	-1.95655753576138	-1.06140736436774	-1.19610547932	-2.35347136780523	-0.587316450055628	0.133850623571617	0.383087247561927	0.615900956507138	0.536082356780798	0.291887255728178	0.389291041870472	0.659098973996668	0.721067003666167	0.887086923743626	0.737759060235215	0.194825535089112	0.642271594616046	cluster1
srsf9|S|222|___1	-1.20222997914	-2.16788964461	-0.323222553774047	0.05239741685873	-0.471626686873428	-1.35288422986101	0.122355256335135	-0.814053753962644	0.572340316714167	0.446532058090979	-1.08800332354898	0.94252603470059	0.456344006150686	0.913333377597328	0.367272605483384	1.03728057542013	1.34446379156593	1.16506473285305	cluster1
ssbp3|S|351|___1	-2.20179215818492	-1.90663441258178	-0.4393951214613	-0.884407506322747	-0.634289342336984	0.537557778793651	-0.0386167289378357	1.74150523437238	1.20216159197988	0.664282911714865	1.08205896135906	0.417745946532015	0.619635081051461	-0.183070627026095	-0.0137922304327269	0.284809819562262	0.0414980317490285	-0.289257229830213	cluster1
stau2|T|492|___1	-1.39654516584086	-0.34151096126019	-1.03888356747218	-0.893387610855746	0.399458796915187	1.59176233910776	1.31569044930669	0.728841498177041	1.23996782321712	1.76880601461409	0.357274300155431	-0.115807437504613	-0.0470960601961827	-0.924340887952094	0.034481648346891	-0.967137919140451	-0.987930181062016	-0.723643078555882	cluster1
tacc3|S|221|___1	-0.595503470108662	-1.85227674344142	0.496368503609945	0.359627391264928	-1.25699311545065	0.499576741179684	-0.428385858904404	0.807608022297872	0.831340812341023	0.91734979098516	0.774290006699687	-0.07337399889684	-0.310799415085452	-2.06342664457764	-0.960395574365339	1.07829618145762	0.983420581353988	0.793276789640494	cluster1
tacc3|S|234|___1	-1.06649834986619	-1.55073704415794	-0.641647611586646	-0.889365199527865	-2.79163743784725	0.0702526311106858	0.919962071270842	0.885663291759269	0.568549435626665	0.731296149766581	0.526715286336252	0.658589075250107	0.342836255173651	0.153259483363907	0.630606727557278	0.57855537698794	0.405230138635741	0.468369720146965	cluster1
tfdp1|S|23|___1	-2.07681763126112	-0.302155233891978	-0.307074915481425	-2.27263184946761	-1.34670688250071	-0.170427394138266	0.526367384927279	0.785598736732556	0.401244082077038	0.0637799919142703	1.34354593676212	0.702435002049889	0.291061708440427	0.467982196012073	-0.357815583674271	0.835744137034593	0.748697222281865	0.667173092183274	cluster1
tfp11|S|206|___1	-2.58566028502157	0.986110098722485	-1.21146286411568	-0.270521802244651	-1.32590536272405	-0.52917667728809	1.08487167152495	1.17040814729291	0.283926945510876	0.0471072111549444	0.4792998112845	0.0199386381005535	-0.823736945109305	0.373710340388856	1.24137052607546	0.518508634346504	0.0168343064751733	0.524377605626129	cluster1
ticrr|S|1395|___1	-1.59911686815374	-1.20367686369109	-0.88583290960116	-1.31877342834727	-0.973486877409176	-1.46144043505147	1.44689203947622	0.501162125435449	0.344580287990589	1.14102069315533	-0.263976774904633	0.230781734111351	0.279460863176766	0.563301609022696	0.461544570260284	1.42306477780792	0.636291466739903	0.678203989982026	cluster1
ticrr|S|1945|___1	-1.28600667768533	-1.5083120852685	-0.668367925862163	-1.96443089893414	0.520053453827198	-0.796703959023907	-0.524728681687742	0.220400082126416	0.836804603688506	0.789354878877494	1.36041113289334	-0.184429415718455	0.686902627931877	0.986760621018551	-0.593125096595037	-0.0971061940068769	1.27211567931467	0.95040785510411	cluster1
ticrr|S|978|___1	-3.16407505519224	1.01606006492361	0.605083141623488	-0.668465193095752	-1.06911902243999	0.358313482720281	-0.431932959588304	0.268524417684735	0.798173872146967	-0.44729339734018	0.871397660533949	0.485053675381226	0.468463460985399	0.506692412143445	-0.828621321937556	0.279133109574893	0.68485083266515	0.267760819210875	cluster1
tlk2|S|99|___1	-1.28280883839746	-1.39981134552506	-1.451185648438	-1.13013204423926	-1.30392100614428	-0.426746822700236	0.0132470790917434	1.09211161592406	0.91918396198414	1.29597139954353	-0.52113707697122	0.0555289416415022	0.652860589517083	-0.273023834709795	0.79888125155475	0.762002428432952	1.10634535348694	1.09263399594862	cluster1
tmf1|S|340|___1	-2.46635987774446	-2.62506924066088	0.614127809648911	0.441328618721754	0.642242435173174	0.263178885437776	0.27841020548688	-0.522045213342415	-0.52521702807025	-0.27450645893298	0.561715288621605	0.491361850160533	0.59244949797671	0.489336262037456	0.276723317636805	0.527993299909896	0.559621554418264	0.674708793521223	cluster1
tmx2|S|274|___1	-0.388454281125906	-1.20518395207275	-1.00450798812117	-1.91842710826404	-1.47946296131713	-1.00477883014581	-0.294237992080844	-0.564831967460461	0.331781956502072	0.747555590897467	0.731419773925415	0.784322954144239	1.31324739355915	1.17032109014333	1.02713492276233	0.31564979888317	0.700582867387257	0.737868732383679	cluster1
tpr|S|2042|___1	-0.499140205672991	-0.403333781484413	-0.98499725025445	-0.811955107233934	-3.33691987910438	-0.249930912568543	0.557851581190828	0.596119829744995	0.433216390630227	0.221677626310527	0.441798764744346	0.821816879421185	0.736184870927465	0.101756538254153	0.600292599826441	0.712715858882308	0.501522945627414	0.561323250758822	cluster1
tsc2|S|1086|___1	-2.76437053511727	-2.24317001446136	-0.382761170989034	0.125884750148937	-0.657293765166354	-0.0234760780119169	0.632606414389325	0.6424586563277	0.590994061273403	0.721371692532723	0.143636570274728	0.493920391411913	0.528385331174793	-0.0244666133140862	0.349142950667995	0.999051271863145	0.37183386065808	0.496252226337284	cluster1
tsc2|S|1320|___1	-2.61641135187397	0.280481958416969	-0.682401007615532	-1.00630027515252	-0.483264437265986	-1.64540222292039	0.50500525935516	0.652229077992377	1.02119329937493	0.740734479894113	-0.427610768774471	0.816098824789087	0.63809680120183	0.681366859610624	0.789881681654458	-0.51105910941015	0.599032795995485	0.648328134727985	cluster1
tsc2|S|663|___1	-1.78772333102198	-1.55860100766237	-2.09124232022462	-0.571290257010633	0.104306467013332	0.493635798034131	-0.34743848955152	-0.270478386118428	0.528456369031252	0.776444762988931	0.24490107843232	0.926222056267141	1.27928471789232	-0.361556850937987	0.658711599738573	1.29601403322655	-0.0563264861206212	0.736680246023618	cluster1
tyrp1|S|519|___1	-0.804650652298085	-2.47083986774392	-1.04820377822584	-0.690477307026074	-0.354748274593245	-0.334189715214618	0.0693534361630795	-0.230898597255033	0.381519942355764	0.708500259931346	-0.132530317327001	1.28423482628962	1.09959394532635	-0.358195554308707	1.98948183837276	0.69275451876621	0.464869473753912	-0.26557417696652	cluster1
ube4b|S|31|___1	-1.58554828929449	-1.30038430645823	0.413506171683171	1.46615460012559	0.175769857404394	0.0352494562027361	0.259342736359613	-0.431814975588937	-2.27170494458468	0.741079369461795	1.37693106420808	1.23951062304718	-0.443575092411711	0.692963269191965	0.265491142017139	-0.321101707249355	0.115388709140533	-0.4272576832548	cluster1
ung|S|79|___1	-2.28807629727292	-2.36315569671998	-1.25324656197282	-0.234028722379488	0.241687557280158	-0.484690509150998	-0.304573881839557	0.495181863931296	0.602704176669768	0.57819317938987	0.718650026427733	0.545575957740808	0.600209493033413	0.552750077151751	0.43983437644494	0.739538220001838	0.764843421279547	0.648603319984636	cluster1
vapb|S|202|___1	-0.195309947850374	-3.33563095750747	-0.222933004553086	-1.02584699806424	-1.03522544233568	-0.243353344017877	0.0494230330297634	0.218755660657355	0.31979616933039	0.389251033610854	0.530859049882682	0.625719464616266	0.780741786715766	0.729227510849436	0.713199119728889	0.574207117674687	0.492388209687752	0.634731538544887	cluster1
vegta|S|247|___1	-0.192799590846243	-1.33778697890338	0.537822555747831	-1.82713908953351	0.872673031875419	-0.258964777786132	1.65950793179351	1.08944226391506	0.656464465880242	-1.17287452507156	0.995252462848241	1.15843706950333	0.411861597991671	-0.280757805847566	-0.446018049916295	-0.532405373001013	-1.37980010014859	0.0470849114989859	cluster1
wdr47|S|297|___1	-2.16143142232068	-2.3598959764896	-0.749964925175619	-0.881325360036185	-0.901754174069561	0.0234893783790974	0.606863738761703	0.459593498261485	0.316949133930723	0.501962650747946	0.258513502287375	0.635922184435587	0.713269711125933	0.546352148091313	0.618647151316527	1.01657387718195	0.851270766167989	0.504964117404009	cluster1
xiap|S|352|___1	-2.73608852497857	-2.3278908306661	-0.0434021228074465	0.214361240932692	0.113386187145248	0.731959031151225	0.329896218106292	0.661560467258142	0.467474801576321	0.373298717872873	0.752064352137837	0.897760565732245	0.674053884516173	0.394463652901051	-0.245374359271256	-0.584502847681118	-0.116756116725633	0.443735682800021	cluster1
xpo5|S|1182|___1	-0.4438284715525	-0.660344422843563	-1.36665131813116	-0.0436494718120991	-1.04533461119578	-0.969240608228132	0.0566983557956634	0.136069166441106	1.16366220334176	0.482594971764398	-0.210987009557628	1.52448471581712	1.46100987628158	0.491077123682633	1.79201219187335	-0.111637317881509	-0.713381801611276	-1.54255357218397	cluster1
xrcc1|S|156|___1	-0.737460409150877	-1.83918683527094	-1.33449803086022	-0.00780465223996996	-1.85762297577533	0.0109228462178348	-0.0417430584327804	-1.15178381920467	0.0670789128647623	0.223483375642314	0.548833031627028	1.08274532687394	0.863182347036209	0.157529285980224	1.01932987417444	1.26015222562767	0.668245965079188	1.06859658981117	cluster1
xrn2|S|490|___1	-2.14376633746555	-2.20647209241537	-0.504687097591644	-0.988111329923548	-0.727741312626097	0.00380060801681851	-0.375002067721649	0.602515740262009	0.488582549193356	-0.0302544045852898	0.604309880376874	0.498899520674248	0.93799279065331	0.461969043865738	1.04920921864179	1.27778168984792	0.386569487674146	0.66440411312294	cluster1
zar1l|S|144|___1	-2.78833620738921	0.244408863472001	0.678591036028464	0.525915662072265	0.38822837123456	0.24860753965377	0.414423213761372	0.217858415007513	0.593957761657801	0.179647264990423	0.39250937373027	0.983842305712029	0.208804734378433	-0.0720571687677544	0.200028906857365	-2.51440620649412	0.240986577161556	-0.143010443066734	cluster1
zfy19|S|299|___1	-0.354288467060892	-2.74561767348926	-0.795725765683083	-0.55502536132509	-0.180967676924804	0.19589119882953	-0.300847419334351	-0.404968765231239	0.719164313675167	0.388750241201121	-0.246492409026965	0.930634169342646	0.978297590810899	-0.547352411149202	1.73632901959686	1.46915073792221	-0.104939145126176	-0.181992177027374	cluster1
zo10|S|43|___1	-0.168970545376936	1.15182561846981	0.287782379522829	-0.949666719414847	-1.59125806511771	-1.54537068752854	-1.0629269690118	0.482755718271584	-0.54136651883323	-0.93589939571071	-1.06150676685655	0.792270355165234	1.15863952389027	0.147285755652114	1.14707070670381	1.14712881907045	1.13745836096735	0.404748430136873	cluster1
