time	normalized_intensity	sd	region
0	0.321331951257033	0.0135012230696354	Bleached
1	0.431484455268619	0.0217825400274662	Bleached
2	0.499186696408699	0.0411562982549427	Bleached
3	0.557074065136668	0.0249981497190227	Bleached
4	0.591831048148445	0.0379826455147605	Bleached
5	0.630394135628099	0.0287386526110248	Bleached
6	0.662422117446557	0.0335789487965952	Bleached
7	0.684214396576454	0.0434947970402975	Bleached
8	0.715123120259164	0.0374300906975987	Bleached
9	0.729873258410841	0.0293226350752623	Bleached
10	0.748808933212643	0.029837317203802	Bleached
11	0.761343588924026	0.0251878448836494	Bleached
12	0.761464863243535	0.0291997579881357	Bleached
13	0.77928176672569	0.0246996336830969	Bleached
14	0.799066557294959	0.0258113942509739	Bleached
15	0.798748476549422	0.0305042962661972	Bleached
16	0.818993372606254	0.0229603416048569	Bleached
17	0.818344414819612	0.0094131052285191	Bleached
18	0.826639466721001	0.0270883905481277	Bleached
19	0.82281207032705	0.0137138511997682	Bleached
20	0.850140913063614	0.00955731697771531	Bleached
21	0.841768237971231	0.0235501412912351	Bleached
22	0.849150339992924	0.0180965797749062	Bleached
23	0.85731006206373	0.0178838836432355	Bleached
24	0.866916675994722	0.00570362514472427	Bleached
25	0.868715795910818	0.00406605868517432	Bleached
26	0.886108362714016	0.00985553075373088	Bleached
27	0.887377402201408	0.0397997770592502	Bleached
28	0.88072876335584	0.0137932526176938	Bleached
29	0.893434272964952	0.0144088996668489	Bleached
30	0.895477477724835	0.0130532227828064	Bleached
31	0.900118950213739	0.0047209111695158	Bleached
32	0.904861328590799	0.0144914728823803	Bleached
33	0.916266491713272	0.0106583370696608	Bleached
34	0.921423137584492	0.028783188909157	Bleached
35	0.915964442555325	0.0267451803537686	Bleached
36	0.927874537897934	0.0281760346257279	Bleached
37	0.92994293025891706	0.0171601568643706	Bleached
38	0.925749496743382	0.0258966473009461	Bleached
39	0.921863479241848	0.0349218773259933	Bleached
40	0.933276327430352	0.0351844320526907	Bleached
41	0.938889957016464	0.0342724748194024	Bleached
42	0.947827324998442	0.053697725005951	Bleached
43	0.930016580970033	0.0526277110772729	Bleached
44	0.95005496637986	0.0603376240916495	Bleached
45	0.952759506280287	0.0564967327877741	Bleached
46	0.957657687496184	0.0330862324910269	Bleached
47	0.946409317208829	0.044131781767526	Bleached
48	0.95694896376849	0.0608727333927596	Bleached
49	0.950563953595105	0.0468700083645339	Bleached
50	0.960520861796624	0.0631745770494363	Bleached
51	0.953965240402792	0.0475366602501793	Bleached
52	0.965961893246156	0.0533582182836697	Bleached
53	0.967008834754004	0.0575329757360683	Bleached
54	0.965608500396224	0.055674605099245	Bleached
55	0.963904448734325	0.0539958839333106	Bleached
56	0.970988549564345	0.0402126615540698	Bleached
57	0.983184880660388	0.0535260765774097	Bleached
58	0.961683292066672	0.0303901332580863	Bleached
59	0.963000969067382	0.0426712508351736	Bleached
60	0.965033466561422	0.0454355869246591	Bleached
61	0.952199779100376	0.0276437628039226	Bleached
62	0.95794521439773	0.0279735720784687	Bleached
63	0.968265630792654	0.0387336251903222	Bleached
64	0.949812991100082	0.0249669624942251	Bleached
65	0.958628736880168	0.0304240837843455	Bleached
66	0.968469238584355	0.038124406624345	Bleached
67	0.966448324297171	0.0275709628813464	Bleached
68	0.965095339580844	0.0287599651618576	Bleached
69	0.953872662692214	0.0257201222477275	Bleached
70	0.975146408659989	0.0187973042133623	Bleached
71	0.976062460555546	0.024951112013512	Bleached
72	0.96367979500209	0.0429496534935216	Bleached
73	0.969774395852042	0.0292044047002915	Bleached
74	0.967489098586937	0.030900510674691	Bleached
75	0.958617794825458	0.0311258248465116	Bleached
76	0.970371671211566	0.0299988653440962	Bleached
77	0.964847021660304	0.0273633609437807	Bleached
78	0.965569288445578	0.0257562240530771	Bleached
79	0.955296805747728	0.0249336223325599	Bleached
80	0.96396580306006	0.0271914401640673	Bleached
81	0.960202000552815	0.0336316447247955	Bleached
82	0.958535534741141	0.0200258037911234	Bleached
83	0.945528757944526	0.0223646444934274	Bleached
84	0.968943904693789	0.045538919386900203	Bleached
85	0.97093555822451	0.0442588686148642	Bleached
86	0.964560068094559	0.0168354423104963	Bleached
87	0.95691514126533	0.0274668822894688	Bleached
88	0.979925124972279	0.0379578948831924	Bleached
89	0.981188421905385	0.0308316628695813	Bleached
90	0.967803228004182	0.00864086654634362	Bleached
91	0.975361917036711	0.0335865539840026	Bleached
92	0.965269031126371	0.0297838162359653	Bleached
93	0.969676923822655	0.0220067548881194	Bleached
94	0.977708198725349	0.0225298871784785	Bleached
95	0.966888172636917	0.0146002225494955	Bleached
96	0.973819838133862	0.0205510223771559	Bleached
0	1.2792154523029	0.0809869394442294	Un-bleached
1	1.25788102817565	0.0936464992394238	Un-bleached
2	1.25866519643879	0.0821397779619451	Un-bleached
3	1.22787406226334	0.0534174281860043	Un-bleached
4	1.19104895983491	0.0756201841337959	Un-bleached
5	1.19927291390277	0.0861397258681428	Un-bleached
6	1.17759107309191	0.0782876203391437	Un-bleached
7	1.15967828205561	0.0536293160383736	Un-bleached
8	1.16469698855034	0.0548225053505694	Un-bleached
9	1.14585702656746	0.094186138362792	Un-bleached
10	1.14350066072322	0.0606017170881396	Un-bleached
11	1.14835937644629	0.0537687901639156	Un-bleached
12	1.12673806108617	0.0649196891086571	Un-bleached
13	1.14693417211035	0.0923397247498155	Un-bleached
14	1.12033516242792	0.0843267191788431	Un-bleached
15	1.11075327138224	0.0336356004758001	Un-bleached
16	1.10717956588848	0.0582969675373434	Un-bleached
17	1.10742273999473	0.0713757207833573	Un-bleached
18	1.10369907613254	0.0427081752544527	Un-bleached
19	1.0890205813237	0.0277230139446991	Un-bleached
20	1.07539963616634	0.0450666763822722	Un-bleached
21	1.09684603227012	0.0290729212837434	Un-bleached
22	1.09118867590016	0.0388478324009468	Un-bleached
23	1.11758636237989	0.0423858179673584	Un-bleached
24	1.06121301915098	0.0202720557376392	Un-bleached
25	1.09758203746419	0.0446364483121543	Un-bleached
26	1.08764107676504	0.0619835112215936	Un-bleached
27	1.06429893879286	0.0562923241005658	Un-bleached
28	1.07188558292889	0.0229668766812663	Un-bleached
29	1.05873290385253	0.0356606343584871	Un-bleached
30	1.05895722646192	0.0294128497740011	Un-bleached
31	1.06063123711988	0.0703937334209306	Un-bleached
32	1.06403895625031	0.0267734030102705	Un-bleached
33	1.01933877714294	0.0331308921472558	Un-bleached
34	1.04138032437835	0.0445590317590989	Un-bleached
35	1.06566520578106	0.0269929720288643	Un-bleached
36	1.0677431662262	0.0548380929523011	Un-bleached
37	1.04951569283904	0.0661150178103626	Un-bleached
38	1.0455937972957	0.0615085823355232	Un-bleached
39	1.04815952475464	0.0420520396984132	Un-bleached
40	1.06466756777792	0.0615855246709057	Un-bleached
41	1.04021265248795	0.0663772466558268	Un-bleached
42	1.04297439972053	0.059937687878864	Un-bleached
43	1.04033013004983	0.0523037049291961	Un-bleached
44	1.04158928096557	0.0486961178106038	Un-bleached
45	1.04182433743143	0.0618585512081119	Un-bleached
46	1.05744919250642	0.0426315483409504	Un-bleached
47	1.04083957915358	0.0482830367473668	Un-bleached
48	1.04751913708547	0.0413262267540412	Un-bleached
49	1.02543333570334	0.0358414788026041	Un-bleached
50	1.03632611818306	0.0316575772374116	Un-bleached
51	1.03097385865025	0.0542120384331528	Un-bleached
52	1.02269905742441	0.0391437407295906	Un-bleached
53	1.02134468280368	0.043956044160737	Un-bleached
54	1.02244019050117	0.0425499796581146	Un-bleached
55	1.02744437793921	0.0468057128873294	Un-bleached
56	1.02277131273375	0.0287120952657362	Un-bleached
57	1.03896813956481	0.0537587834302704	Un-bleached
58	1.04145725556017	0.0179626404543673	Un-bleached
59	1.03029004295944	0.0376113017632237	Un-bleached
60	1.02722891138194	0.0663601431171301	Un-bleached
61	1.00657410195897	0.0444765746191177	Un-bleached
62	1.03488538192094	0.0492549402951286	Un-bleached
63	1.03467396281009	0.0484963559781471	Un-bleached
64	1.04841123613233	0.0801313379203125	Un-bleached
65	1.01738753415407	0.0526575684684834	Un-bleached
66	1.03940004940474	0.0164760138122273	Un-bleached
67	1.03639458160009	0.0328197937276524	Un-bleached
68	1.01316009686957	0.0404806482819923	Un-bleached
69	1.01107143905393	0.0506126953308979	Un-bleached
70	1.00824578702433	0.0277884402210877	Un-bleached
71	1.02628908011037	0.0615639850009992	Un-bleached
72	1.0179189840998	0.0321976494735878	Un-bleached
73	1.02791107125782	0.0546086881448086	Un-bleached
74	1.02508494680304	0.0358990198745524	Un-bleached
75	1.01583995172516	0.0352963436153437	Un-bleached
76	1.03071244185381	0.0455036850596276	Un-bleached
77	1.01717068324311	0.0528997345842952	Un-bleached
78	1.00768671527441	0.0538604987741733	Un-bleached
79	1.04184961342228	0.0736501471429007	Un-bleached
80	0.980998519818277	0.0334995827161132	Un-bleached
81	1.0325529580612	0.072449703081837	Un-bleached
82	0.99845917141283	0.0512526225760336	Un-bleached
83	1.00286379038066	0.053894430446601	Un-bleached
84	1.00003606937076	0.0316184095625496	Un-bleached
85	1.00431283984784	0.0444918842799143	Un-bleached
86	0.995343480290469	0.0681602725734881	Un-bleached
87	1.01942724264196	0.0393881918507205	Un-bleached
88	1.01462356090253	0.0464451521204171	Un-bleached
89	0.981533116572425	0.0547406212148609	Un-bleached
90	0.999868470149318	0.0493616276591344	Un-bleached
91	1.0096634420123	0.066870281788459	Un-bleached
92	1.01271934600704	0.0703207005953954	Un-bleached
93	0.99693947843561	0.059324084970586	Un-bleached
94	1.01519038822312	0.0541211059947243	Un-bleached
95	1.00331084504883	0.0759145760480613	Un-bleached
96	1.01076690424506	0.0629115447794221	Un-bleached
